FoamFile
{
    version 2.0; format ascii;
    class dictionary; location "system"; object blockMeshDict;
}
// Domain-independence variant: N=5 channels, Cu_1p0 geometry (Dh=1mm, tw=0.5mm, L=100mm)
convertToMeters 1;
vertices
(
    (0.0000000e+00 0.0000000e+00 0.0000000e+00)
    (0.0000000e+00 5.0000000e-04 0.0000000e+00)
    (0.0000000e+00 5.0000000e-04 5.0000000e-04)
    (0.0000000e+00 0.0000000e+00 5.0000000e-04)
    (1.0000000e-01 0.0000000e+00 0.0000000e+00)
    (1.0000000e-01 5.0000000e-04 0.0000000e+00)
    (1.0000000e-01 5.0000000e-04 5.0000000e-04)
    (1.0000000e-01 0.0000000e+00 5.0000000e-04)
    (0.0000000e+00 5.0000000e-04 1.5000000e-03)
    (0.0000000e+00 0.0000000e+00 1.5000000e-03)
    (1.0000000e-01 5.0000000e-04 1.5000000e-03)
    (1.0000000e-01 0.0000000e+00 1.5000000e-03)
    (0.0000000e+00 5.0000000e-04 2.0000000e-03)
    (0.0000000e+00 0.0000000e+00 2.0000000e-03)
    (1.0000000e-01 5.0000000e-04 2.0000000e-03)
    (1.0000000e-01 0.0000000e+00 2.0000000e-03)
    (0.0000000e+00 1.5000000e-03 0.0000000e+00)
    (0.0000000e+00 1.5000000e-03 5.0000000e-04)
    (1.0000000e-01 1.5000000e-03 0.0000000e+00)
    (1.0000000e-01 1.5000000e-03 5.0000000e-04)
    (0.0000000e+00 1.5000000e-03 1.5000000e-03)
    (1.0000000e-01 1.5000000e-03 1.5000000e-03)
    (0.0000000e+00 1.5000000e-03 2.0000000e-03)
    (1.0000000e-01 1.5000000e-03 2.0000000e-03)
    (0.0000000e+00 2.0000000e-03 0.0000000e+00)
    (0.0000000e+00 2.0000000e-03 5.0000000e-04)
    (1.0000000e-01 2.0000000e-03 0.0000000e+00)
    (1.0000000e-01 2.0000000e-03 5.0000000e-04)
    (0.0000000e+00 2.0000000e-03 1.5000000e-03)
    (1.0000000e-01 2.0000000e-03 1.5000000e-03)
    (0.0000000e+00 2.0000000e-03 2.0000000e-03)
    (1.0000000e-01 2.0000000e-03 2.0000000e-03)
    (0.0000000e+00 3.0000000e-03 0.0000000e+00)
    (0.0000000e+00 3.0000000e-03 5.0000000e-04)
    (1.0000000e-01 3.0000000e-03 0.0000000e+00)
    (1.0000000e-01 3.0000000e-03 5.0000000e-04)
    (0.0000000e+00 3.0000000e-03 1.5000000e-03)
    (1.0000000e-01 3.0000000e-03 1.5000000e-03)
    (0.0000000e+00 3.0000000e-03 2.0000000e-03)
    (1.0000000e-01 3.0000000e-03 2.0000000e-03)
    (0.0000000e+00 3.5000000e-03 0.0000000e+00)
    (0.0000000e+00 3.5000000e-03 5.0000000e-04)
    (1.0000000e-01 3.5000000e-03 0.0000000e+00)
    (1.0000000e-01 3.5000000e-03 5.0000000e-04)
    (0.0000000e+00 3.5000000e-03 1.5000000e-03)
    (1.0000000e-01 3.5000000e-03 1.5000000e-03)
    (0.0000000e+00 3.5000000e-03 2.0000000e-03)
    (1.0000000e-01 3.5000000e-03 2.0000000e-03)
    (0.0000000e+00 4.5000000e-03 0.0000000e+00)
    (0.0000000e+00 4.5000000e-03 5.0000000e-04)
    (1.0000000e-01 4.5000000e-03 0.0000000e+00)
    (1.0000000e-01 4.5000000e-03 5.0000000e-04)
    (0.0000000e+00 4.5000000e-03 1.5000000e-03)
    (1.0000000e-01 4.5000000e-03 1.5000000e-03)
    (0.0000000e+00 4.5000000e-03 2.0000000e-03)
    (1.0000000e-01 4.5000000e-03 2.0000000e-03)
    (0.0000000e+00 5.0000000e-03 0.0000000e+00)
    (0.0000000e+00 5.0000000e-03 5.0000000e-04)
    (1.0000000e-01 5.0000000e-03 0.0000000e+00)
    (1.0000000e-01 5.0000000e-03 5.0000000e-04)
    (0.0000000e+00 5.0000000e-03 1.5000000e-03)
    (1.0000000e-01 5.0000000e-03 1.5000000e-03)
    (0.0000000e+00 5.0000000e-03 2.0000000e-03)
    (1.0000000e-01 5.0000000e-03 2.0000000e-03)
    (0.0000000e+00 6.0000000e-03 0.0000000e+00)
    (0.0000000e+00 6.0000000e-03 5.0000000e-04)
    (1.0000000e-01 6.0000000e-03 0.0000000e+00)
    (1.0000000e-01 6.0000000e-03 5.0000000e-04)
    (0.0000000e+00 6.0000000e-03 1.5000000e-03)
    (1.0000000e-01 6.0000000e-03 1.5000000e-03)
    (0.0000000e+00 6.0000000e-03 2.0000000e-03)
    (1.0000000e-01 6.0000000e-03 2.0000000e-03)
    (0.0000000e+00 6.5000000e-03 0.0000000e+00)
    (0.0000000e+00 6.5000000e-03 5.0000000e-04)
    (1.0000000e-01 6.5000000e-03 0.0000000e+00)
    (1.0000000e-01 6.5000000e-03 5.0000000e-04)
    (0.0000000e+00 6.5000000e-03 1.5000000e-03)
    (1.0000000e-01 6.5000000e-03 1.5000000e-03)
    (0.0000000e+00 6.5000000e-03 2.0000000e-03)
    (1.0000000e-01 6.5000000e-03 2.0000000e-03)
    (0.0000000e+00 7.5000000e-03 0.0000000e+00)
    (0.0000000e+00 7.5000000e-03 5.0000000e-04)
    (1.0000000e-01 7.5000000e-03 0.0000000e+00)
    (1.0000000e-01 7.5000000e-03 5.0000000e-04)
    (0.0000000e+00 7.5000000e-03 1.5000000e-03)
    (1.0000000e-01 7.5000000e-03 1.5000000e-03)
    (0.0000000e+00 7.5000000e-03 2.0000000e-03)
    (1.0000000e-01 7.5000000e-03 2.0000000e-03)
    (0.0000000e+00 8.0000000e-03 0.0000000e+00)
    (0.0000000e+00 8.0000000e-03 5.0000000e-04)
    (1.0000000e-01 8.0000000e-03 0.0000000e+00)
    (1.0000000e-01 8.0000000e-03 5.0000000e-04)
    (0.0000000e+00 8.0000000e-03 1.5000000e-03)
    (1.0000000e-01 8.0000000e-03 1.5000000e-03)
    (0.0000000e+00 8.0000000e-03 2.0000000e-03)
    (1.0000000e-01 8.0000000e-03 2.0000000e-03)
);
blocks
(
    hex (0 1 2 3 4 5 6 7) solid_wall (4 4 60) simpleGrading (1 1 1)
    hex (3 2 8 9 7 6 10 11) solid_wall (4 20 60) simpleGrading (1 1 1)
    hex (9 8 12 13 11 10 14 15) solid_wall (4 4 60) simpleGrading (1 1 1)
    hex (1 16 17 2 5 18 19 6) solid_wall (20 4 60) simpleGrading (1 1 1)
    hex (2 17 20 8 6 19 21 10) domain1 (20 20 60) simpleGrading (1 1 1)
    hex (8 20 22 12 10 21 23 14) solid_wall (20 4 60) simpleGrading (1 1 1)
    hex (16 24 25 17 18 26 27 19) solid_wall (4 4 60) simpleGrading (1 1 1)
    hex (17 25 28 20 19 27 29 21) solid_wall (4 20 60) simpleGrading (1 1 1)
    hex (20 28 30 22 21 29 31 23) solid_wall (4 4 60) simpleGrading (1 1 1)
    hex (24 32 33 25 26 34 35 27) solid_wall (20 4 60) simpleGrading (1 1 1)
    hex (25 33 36 28 27 35 37 29) domain2 (20 20 60) simpleGrading (1 1 1)
    hex (28 36 38 30 29 37 39 31) solid_wall (20 4 60) simpleGrading (1 1 1)
    hex (32 40 41 33 34 42 43 35) solid_wall (4 4 60) simpleGrading (1 1 1)
    hex (33 41 44 36 35 43 45 37) solid_wall (4 20 60) simpleGrading (1 1 1)
    hex (36 44 46 38 37 45 47 39) solid_wall (4 4 60) simpleGrading (1 1 1)
    hex (40 48 49 41 42 50 51 43) solid_wall (20 4 60) simpleGrading (1 1 1)
    hex (41 49 52 44 43 51 53 45) domain3 (20 20 60) simpleGrading (1 1 1)
    hex (44 52 54 46 45 53 55 47) solid_wall (20 4 60) simpleGrading (1 1 1)
    hex (48 56 57 49 50 58 59 51) solid_wall (4 4 60) simpleGrading (1 1 1)
    hex (49 57 60 52 51 59 61 53) solid_wall (4 20 60) simpleGrading (1 1 1)
    hex (52 60 62 54 53 61 63 55) solid_wall (4 4 60) simpleGrading (1 1 1)
    hex (56 64 65 57 58 66 67 59) solid_wall (20 4 60) simpleGrading (1 1 1)
    hex (57 65 68 60 59 67 69 61) domain4 (20 20 60) simpleGrading (1 1 1)
    hex (60 68 70 62 61 69 71 63) solid_wall (20 4 60) simpleGrading (1 1 1)
    hex (64 72 73 65 66 74 75 67) solid_wall (4 4 60) simpleGrading (1 1 1)
    hex (65 73 76 68 67 75 77 69) solid_wall (4 20 60) simpleGrading (1 1 1)
    hex (68 76 78 70 69 77 79 71) solid_wall (4 4 60) simpleGrading (1 1 1)
    hex (72 80 81 73 74 82 83 75) solid_wall (20 4 60) simpleGrading (1 1 1)
    hex (73 81 84 76 75 83 85 77) domain5 (20 20 60) simpleGrading (1 1 1)
    hex (76 84 86 78 77 85 87 79) solid_wall (20 4 60) simpleGrading (1 1 1)
    hex (80 88 89 81 82 90 91 83) solid_wall (4 4 60) simpleGrading (1 1 1)
    hex (81 89 92 84 83 91 93 85) solid_wall (4 20 60) simpleGrading (1 1 1)
    hex (84 92 94 86 85 93 95 87) solid_wall (4 4 60) simpleGrading (1 1 1)
);
edges();
boundary
(
    inlet { type patch; faces (
        (0 3 2 1)
        (3 9 8 2)
        (9 13 12 8)
        (1 2 17 16)
        (2 8 20 17)
        (8 12 22 20)
        (16 17 25 24)
        (17 20 28 25)
        (20 22 30 28)
        (24 25 33 32)
        (25 28 36 33)
        (28 30 38 36)
        (32 33 41 40)
        (33 36 44 41)
        (36 38 46 44)
        (40 41 49 48)
        (41 44 52 49)
        (44 46 54 52)
        (48 49 57 56)
        (49 52 60 57)
        (52 54 62 60)
        (56 57 65 64)
        (57 60 68 65)
        (60 62 70 68)
        (64 65 73 72)
        (65 68 76 73)
        (68 70 78 76)
        (72 73 81 80)
        (73 76 84 81)
        (76 78 86 84)
        (80 81 89 88)
        (81 84 92 89)
        (84 86 94 92)
    ); }
    outlet { type patch; faces (
        (4 5 6 7)
        (7 6 10 11)
        (11 10 14 15)
        (5 18 19 6)
        (6 19 21 10)
        (10 21 23 14)
        (18 26 27 19)
        (19 27 29 21)
        (21 29 31 23)
        (26 34 35 27)
        (27 35 37 29)
        (29 37 39 31)
        (34 42 43 35)
        (35 43 45 37)
        (37 45 47 39)
        (42 50 51 43)
        (43 51 53 45)
        (45 53 55 47)
        (50 58 59 51)
        (51 59 61 53)
        (53 61 63 55)
        (58 66 67 59)
        (59 67 69 61)
        (61 69 71 63)
        (66 74 75 67)
        (67 75 77 69)
        (69 77 79 71)
        (74 82 83 75)
        (75 83 85 77)
        (77 85 87 79)
        (82 90 91 83)
        (83 91 93 85)
        (85 93 95 87)
    ); }
    chipFace { type wall; faces (
        (0 1 5 4)
        (1 16 18 5)
        (16 24 26 18)
        (24 32 34 26)
        (32 40 42 34)
        (40 48 50 42)
        (48 56 58 50)
        (56 64 66 58)
        (64 72 74 66)
        (72 80 82 74)
        (80 88 90 82)
    ); }
    hotPlate { type wall; faces (
        (13 15 14 12)
        (12 14 23 22)
        (22 23 31 30)
        (30 31 39 38)
        (38 39 47 46)
        (46 47 55 54)
        (54 55 63 62)
        (62 63 71 70)
        (70 71 79 78)
        (78 79 87 86)
        (86 87 95 94)
    ); }
    outerY0 { type wall; faces (
        (0 4 7 3)
        (3 7 11 9)
        (9 11 15 13)
    ); }
    outerY3 { type wall; faces (
        (88 89 91 90)
        (89 92 93 91)
        (92 94 95 93)
    ); }
);
mergePatchPairs ();
