# Field minima and maxima
# Time          	field           	min             	location(min)   	max             	location(max)   
200             	T               	1.24991472e-02	(8.33333350e-04 4.50000000e-03 9.75000000e-04)	1.24994849e-02	(2.50000000e-03 6.25000000e-05 1.02500000e-03)
400             	T               	1.24990919e-02	(8.33333350e-04 4.50000000e-03 9.75000000e-04)	1.24994095e-02	(4.16666665e-03 6.25000000e-05 1.02500000e-03)
600             	T               	1.24990271e-02	(8.33333350e-04 4.50000000e-03 9.75000000e-04)	1.24993759e-02	(7.50000000e-03 6.25000000e-05 1.02500000e-03)
800             	T               	1.24989710e-02	(8.33333350e-04 4.50000000e-03 9.75000000e-04)	1.24993569e-02	(2.91666665e-02 6.25000000e-05 1.02500000e-03)
1000            	T               	1.24989218e-02	(8.33333350e-04 4.50000000e-03 9.75000000e-04)	1.24993448e-02	(2.91666665e-02 6.25000000e-05 1.07500000e-03)
1200            	T               	1.24988772e-02	(8.33333350e-04 4.50000000e-03 9.75000000e-04)	1.24993364e-02	(2.91666665e-02 6.25000000e-05 1.07500000e-03)
1400            	T               	1.24988360e-02	(8.33333350e-04 4.50000000e-03 9.75000000e-04)	1.24993302e-02	(2.91666665e-02 6.25000000e-05 1.12500000e-03)
1600            	T               	1.24987974e-02	(8.33333350e-04 4.50000000e-03 9.75000000e-04)	1.24993257e-02	(2.91666665e-02 6.25000000e-05 1.17500000e-03)
1800            	T               	1.24987608e-02	(8.33333350e-04 4.50000000e-03 9.75000000e-04)	1.24993222e-02	(2.91666665e-02 6.25000000e-05 1.22500000e-03)
2000            	T               	1.24987260e-02	(8.33333350e-04 4.50000000e-03 9.75000000e-04)	1.24993195e-02	(2.91666665e-02 6.25000000e-05 1.27500000e-03)
