# Field minima and maxima
# Time          	field           	min             	location(min)   	max             	location(max)   
200             	T               	1.24989676e-02	(8.33333350e-04 9.00000000e-03 1.95000000e-03)	1.24994840e-02	(7.50000000e-03 1.25000000e-04 2.15000000e-03)
400             	T               	1.24987823e-02	(8.33333350e-04 9.00000000e-03 1.95000000e-03)	1.24994078e-02	(1.25000000e-02 1.25000000e-04 2.05000000e-03)
600             	T               	1.24986358e-02	(8.33333350e-04 9.00000000e-03 1.95000000e-03)	1.24993731e-02	(1.58333335e-02 1.25000000e-04 2.15000000e-03)
800             	T               	1.24985186e-02	(8.33333350e-04 9.00000000e-03 1.95000000e-03)	1.24993529e-02	(1.91666665e-02 1.25000000e-04 2.25000000e-03)
1000            	T               	1.24984187e-02	(8.33333350e-04 9.00000000e-03 1.95000000e-03)	1.24993394e-02	(2.08333335e-02 1.25000000e-04 2.45000000e-03)
1200            	T               	1.24983298e-02	(8.33333350e-04 9.00000000e-03 1.95000000e-03)	1.24993297e-02	(2.41666665e-02 1.25000000e-04 2.55000000e-03)
1400            	T               	1.24982486e-02	(8.33333350e-04 9.00000000e-03 1.95000000e-03)	1.24993222e-02	(2.58333335e-02 1.25000000e-04 2.75000000e-03)
1600            	T               	1.24981732e-02	(8.33333350e-04 9.00000000e-03 1.95000000e-03)	1.24993164e-02	(2.91666665e-02 1.25000000e-04 2.95000000e-03)
1800            	T               	1.24981024e-02	(8.33333350e-04 9.00000000e-03 1.95000000e-03)	1.24993116e-02	(2.91666665e-02 1.25000000e-04 3.87500000e-03)
2000            	T               	1.24980353e-02	(8.33333350e-04 9.00000000e-03 1.95000000e-03)	1.24993077e-02	(3.41666665e-02 3.75000000e-04 3.87500000e-03)
