# Wall heat-flux
# Time          	patch           	min             	max             	integral        
1               	chipFace	-6.67499999e-05	-6.67499999e-05	-2.67000000e-08
2               	chipFace	-6.67499999e-05	-6.67499999e-05	-2.67000000e-08
3               	chipFace	-6.67499999e-05	-6.67499999e-05	-2.67000000e-08
4               	chipFace	-6.67499999e-05	-6.67499999e-05	-2.67000000e-08
5               	chipFace	-6.67499999e-05	-6.67499999e-05	-2.67000000e-08
6               	chipFace	-6.67499999e-05	-6.67499999e-05	-2.67000000e-08
7               	chipFace	-6.67499999e-05	-6.67499999e-05	-2.67000000e-08
8               	chipFace	-6.67499999e-05	-6.67499999e-05	-2.67000000e-08
9               	chipFace	-6.67499999e-05	-6.67499999e-05	-2.67000000e-08
10              	chipFace	-6.67499999e-05	-6.67499999e-05	-2.67000000e-08
11              	chipFace	-6.67499999e-05	-6.67499999e-05	-2.67000000e-08
12              	chipFace	-6.67499999e-05	-6.67499999e-05	-2.67000000e-08
13              	chipFace	-6.67499999e-05	-6.67499999e-05	-2.67000000e-08
14              	chipFace	-6.67499999e-05	-6.67499999e-05	-2.67000000e-08
15              	chipFace	-6.67499999e-05	-6.67499999e-05	-2.67000000e-08
16              	chipFace	-6.67499999e-05	-6.67499999e-05	-2.67000000e-08
17              	chipFace	-6.67499999e-05	-6.67499999e-05	-2.67000000e-08
18              	chipFace	-6.67499999e-05	-6.67499999e-05	-2.67000000e-08
19              	chipFace	-6.67499999e-05	-6.67499999e-05	-2.67000000e-08
20              	chipFace	-6.67499999e-05	-6.67499999e-05	-2.67000000e-08
21              	chipFace	-6.67499999e-05	-6.67499999e-05	-2.67000000e-08
22              	chipFace	-6.67499999e-05	-6.67499999e-05	-2.67000000e-08
23              	chipFace	-6.67499999e-05	-6.67499999e-05	-2.67000000e-08
24              	chipFace	-6.67499999e-05	-6.67499999e-05	-2.67000000e-08
25              	chipFace	-6.67499999e-05	-6.67499999e-05	-2.67000000e-08
26              	chipFace	-6.67499999e-05	-6.67499999e-05	-2.67000000e-08
27              	chipFace	-6.67499999e-05	-6.67499999e-05	-2.67000000e-08
28              	chipFace	-6.67499999e-05	-6.67499999e-05	-2.67000000e-08
29              	chipFace	-6.67499999e-05	-6.67499999e-05	-2.67000000e-08
30              	chipFace	-6.67499999e-05	-6.67499999e-05	-2.67000000e-08
31              	chipFace	-6.67499999e-05	-6.67499999e-05	-2.67000000e-08
32              	chipFace	-6.67499999e-05	-6.67499999e-05	-2.67000000e-08
33              	chipFace	-6.67499999e-05	-6.67499999e-05	-2.67000000e-08
34              	chipFace	-6.67499999e-05	-6.67499999e-05	-2.67000000e-08
35              	chipFace	-6.67499999e-05	-6.67499999e-05	-2.67000000e-08
36              	chipFace	-6.67499999e-05	-6.67499999e-05	-2.67000000e-08
37              	chipFace	-6.67499999e-05	-6.67499999e-05	-2.67000000e-08
38              	chipFace	-6.67499999e-05	-6.67499999e-05	-2.67000000e-08
39              	chipFace	-6.67499999e-05	-6.67499999e-05	-2.67000000e-08
40              	chipFace	-6.67499999e-05	-6.67499999e-05	-2.67000000e-08
41              	chipFace	-6.67499999e-05	-6.67499999e-05	-2.67000000e-08
42              	chipFace	-6.67499999e-05	-6.67499999e-05	-2.67000000e-08
43              	chipFace	-6.67499999e-05	-6.67499999e-05	-2.67000000e-08
44              	chipFace	-6.67499999e-05	-6.67499999e-05	-2.67000000e-08
45              	chipFace	-6.67499999e-05	-6.67499999e-05	-2.67000000e-08
46              	chipFace	-6.67499999e-05	-6.67499999e-05	-2.67000000e-08
47              	chipFace	-6.67499999e-05	-6.67499999e-05	-2.67000000e-08
48              	chipFace	-6.67499999e-05	-6.67499999e-05	-2.67000000e-08
49              	chipFace	-6.67499999e-05	-6.67499999e-05	-2.67000000e-08
50              	chipFace	-6.67499999e-05	-6.67499999e-05	-2.67000000e-08
51              	chipFace	-6.67499999e-05	-6.67499999e-05	-2.67000000e-08
52              	chipFace	-6.67499999e-05	-6.67499999e-05	-2.67000000e-08
53              	chipFace	-6.67499999e-05	-6.67499999e-05	-2.67000000e-08
54              	chipFace	-6.67499999e-05	-6.67499999e-05	-2.67000000e-08
55              	chipFace	-6.67499999e-05	-6.67499999e-05	-2.67000000e-08
56              	chipFace	-6.67499999e-05	-6.67499999e-05	-2.67000000e-08
57              	chipFace	-6.67499999e-05	-6.67499999e-05	-2.67000000e-08
58              	chipFace	-6.67499999e-05	-6.67499999e-05	-2.67000000e-08
59              	chipFace	-6.67499999e-05	-6.67499999e-05	-2.67000000e-08
60              	chipFace	-6.67499999e-05	-6.67499999e-05	-2.67000000e-08
61              	chipFace	-6.67499999e-05	-6.67499999e-05	-2.67000000e-08
62              	chipFace	-6.67499999e-05	-6.67499999e-05	-2.67000000e-08
63              	chipFace	-6.67499999e-05	-6.67499999e-05	-2.67000000e-08
64              	chipFace	-6.67499999e-05	-6.67499999e-05	-2.67000000e-08
65              	chipFace	-6.67499999e-05	-6.67499999e-05	-2.67000000e-08
66              	chipFace	-6.67499999e-05	-6.67499999e-05	-2.67000000e-08
67              	chipFace	-6.67499999e-05	-6.67499999e-05	-2.67000000e-08
68              	chipFace	-6.67499999e-05	-6.67499999e-05	-2.67000000e-08
69              	chipFace	-6.67499999e-05	-6.67499999e-05	-2.67000000e-08
70              	chipFace	-6.67499999e-05	-6.67499999e-05	-2.67000000e-08
71              	chipFace	-6.67499999e-05	-6.67499999e-05	-2.67000000e-08
72              	chipFace	-6.67499999e-05	-6.67499999e-05	-2.67000000e-08
73              	chipFace	-6.67499999e-05	-6.67499999e-05	-2.67000000e-08
74              	chipFace	-6.67499999e-05	-6.67499999e-05	-2.67000000e-08
75              	chipFace	-6.67499999e-05	-6.67499999e-05	-2.67000000e-08
76              	chipFace	-6.67499999e-05	-6.67499999e-05	-2.67000000e-08
77              	chipFace	-6.67499999e-05	-6.67499999e-05	-2.67000000e-08
78              	chipFace	-6.67499999e-05	-6.67499999e-05	-2.67000000e-08
79              	chipFace	-6.67499999e-05	-6.67499999e-05	-2.67000000e-08
80              	chipFace	-6.67499999e-05	-6.67499999e-05	-2.67000000e-08
81              	chipFace	-6.67499999e-05	-6.67499999e-05	-2.67000000e-08
82              	chipFace	-6.67499999e-05	-6.67499999e-05	-2.67000000e-08
83              	chipFace	-6.67499999e-05	-6.67499999e-05	-2.67000000e-08
84              	chipFace	-6.67499999e-05	-6.67499999e-05	-2.67000000e-08
85              	chipFace	-6.67499999e-05	-6.67499999e-05	-2.67000000e-08
86              	chipFace	-6.67499999e-05	-6.67499999e-05	-2.67000000e-08
87              	chipFace	-6.67499999e-05	-6.67499999e-05	-2.67000000e-08
88              	chipFace	-6.67499999e-05	-6.67499999e-05	-2.67000000e-08
89              	chipFace	-6.67499999e-05	-6.67499999e-05	-2.67000000e-08
90              	chipFace	-6.67499999e-05	-6.67499999e-05	-2.67000000e-08
91              	chipFace	-6.67499999e-05	-6.67499999e-05	-2.67000000e-08
92              	chipFace	-6.67499999e-05	-6.67499999e-05	-2.67000000e-08
93              	chipFace	-6.67499999e-05	-6.67499999e-05	-2.67000000e-08
94              	chipFace	-6.67499999e-05	-6.67499999e-05	-2.67000000e-08
95              	chipFace	-6.67499999e-05	-6.67499999e-05	-2.67000000e-08
96              	chipFace	-6.67499999e-05	-6.67499999e-05	-2.67000000e-08
97              	chipFace	-6.67499999e-05	-6.67499999e-05	-2.67000000e-08
98              	chipFace	-6.67499999e-05	-6.67499999e-05	-2.67000000e-08
99              	chipFace	-6.67499999e-05	-6.67499999e-05	-2.67000000e-08
100             	chipFace	-6.67499999e-05	-6.67499999e-05	-2.67000000e-08
101             	chipFace	-6.67499999e-05	-6.67499999e-05	-2.67000000e-08
102             	chipFace	-6.67499999e-05	-6.67499999e-05	-2.67000000e-08
103             	chipFace	-6.67499999e-05	-6.67499999e-05	-2.67000000e-08
104             	chipFace	-6.67499999e-05	-6.67499999e-05	-2.67000000e-08
105             	chipFace	-6.67499999e-05	-6.67499999e-05	-2.67000000e-08
106             	chipFace	-6.67499999e-05	-6.67499999e-05	-2.67000000e-08
107             	chipFace	-6.67499999e-05	-6.67499999e-05	-2.67000000e-08
108             	chipFace	-6.67499999e-05	-6.67499999e-05	-2.67000000e-08
109             	chipFace	-6.67499999e-05	-6.67499999e-05	-2.67000000e-08
110             	chipFace	-6.67499999e-05	-6.67499999e-05	-2.67000000e-08
111             	chipFace	-6.67499999e-05	-6.67499999e-05	-2.67000000e-08
112             	chipFace	-6.67499999e-05	-6.67499999e-05	-2.67000000e-08
113             	chipFace	-6.67499999e-05	-6.67499999e-05	-2.67000000e-08
114             	chipFace	-6.67499999e-05	-6.67499999e-05	-2.67000000e-08
115             	chipFace	-6.67499999e-05	-6.67499999e-05	-2.67000000e-08
116             	chipFace	-6.67499999e-05	-6.67499999e-05	-2.67000000e-08
117             	chipFace	-6.67499999e-05	-6.67499999e-05	-2.67000000e-08
118             	chipFace	-6.67499999e-05	-6.67499999e-05	-2.67000000e-08
119             	chipFace	-6.67499999e-05	-6.67499999e-05	-2.67000000e-08
120             	chipFace	-6.67499999e-05	-6.67499999e-05	-2.67000000e-08
121             	chipFace	-6.67499999e-05	-6.67499999e-05	-2.67000000e-08
122             	chipFace	-6.67499999e-05	-6.67499999e-05	-2.67000000e-08
123             	chipFace	-6.67499999e-05	-6.67499999e-05	-2.67000000e-08
124             	chipFace	-6.67499999e-05	-6.67499999e-05	-2.67000000e-08
125             	chipFace	-6.67499999e-05	-6.67499999e-05	-2.67000000e-08
126             	chipFace	-6.67499999e-05	-6.67499999e-05	-2.67000000e-08
127             	chipFace	-6.67499999e-05	-6.67499999e-05	-2.67000000e-08
128             	chipFace	-6.67499999e-05	-6.67499999e-05	-2.67000000e-08
129             	chipFace	-6.67499999e-05	-6.67499999e-05	-2.67000000e-08
130             	chipFace	-6.67499999e-05	-6.67499999e-05	-2.67000000e-08
131             	chipFace	-6.67499999e-05	-6.67499999e-05	-2.67000000e-08
132             	chipFace	-6.67499999e-05	-6.67499999e-05	-2.67000000e-08
133             	chipFace	-6.67499999e-05	-6.67499999e-05	-2.67000000e-08
134             	chipFace	-6.67499999e-05	-6.67499999e-05	-2.67000000e-08
135             	chipFace	-6.67499999e-05	-6.67499999e-05	-2.67000000e-08
136             	chipFace	-6.67499999e-05	-6.67499999e-05	-2.67000000e-08
137             	chipFace	-6.67499999e-05	-6.67499999e-05	-2.67000000e-08
138             	chipFace	-6.67499999e-05	-6.67499999e-05	-2.67000000e-08
139             	chipFace	-6.67499999e-05	-6.67499999e-05	-2.67000000e-08
140             	chipFace	-6.67499999e-05	-6.67499999e-05	-2.67000000e-08
141             	chipFace	-6.67499999e-05	-6.67499999e-05	-2.67000000e-08
142             	chipFace	-6.67499999e-05	-6.67499999e-05	-2.67000000e-08
143             	chipFace	-6.67499999e-05	-6.67499999e-05	-2.67000000e-08
144             	chipFace	-6.67499999e-05	-6.67499999e-05	-2.67000000e-08
145             	chipFace	-6.67499999e-05	-6.67499999e-05	-2.67000000e-08
146             	chipFace	-6.67499999e-05	-6.67499999e-05	-2.67000000e-08
147             	chipFace	-6.67499999e-05	-6.67499999e-05	-2.67000000e-08
148             	chipFace	-6.67499999e-05	-6.67499999e-05	-2.67000000e-08
149             	chipFace	-6.67499999e-05	-6.67499999e-05	-2.67000000e-08
150             	chipFace	-6.67499999e-05	-6.67499999e-05	-2.67000000e-08
151             	chipFace	-6.67499999e-05	-6.67499999e-05	-2.67000000e-08
152             	chipFace	-6.67499999e-05	-6.67499999e-05	-2.67000000e-08
153             	chipFace	-6.67499999e-05	-6.67499999e-05	-2.67000000e-08
154             	chipFace	-6.67499999e-05	-6.67499999e-05	-2.67000000e-08
155             	chipFace	-6.67499999e-05	-6.67499999e-05	-2.67000000e-08
156             	chipFace	-6.67499999e-05	-6.67499999e-05	-2.67000000e-08
157             	chipFace	-6.67499999e-05	-6.67499999e-05	-2.67000000e-08
158             	chipFace	-6.67499999e-05	-6.67499999e-05	-2.67000000e-08
159             	chipFace	-6.67499999e-05	-6.67499999e-05	-2.67000000e-08
160             	chipFace	-6.67499999e-05	-6.67499999e-05	-2.67000000e-08
161             	chipFace	-6.67499999e-05	-6.67499999e-05	-2.67000000e-08
162             	chipFace	-6.67499999e-05	-6.67499999e-05	-2.67000000e-08
163             	chipFace	-6.67499999e-05	-6.67499999e-05	-2.67000000e-08
164             	chipFace	-6.67499999e-05	-6.67499999e-05	-2.67000000e-08
165             	chipFace	-6.67499999e-05	-6.67499999e-05	-2.67000000e-08
166             	chipFace	-6.67499999e-05	-6.67499999e-05	-2.67000000e-08
167             	chipFace	-6.67499999e-05	-6.67499999e-05	-2.67000000e-08
168             	chipFace	-6.67499999e-05	-6.67499999e-05	-2.67000000e-08
169             	chipFace	-6.67499999e-05	-6.67499999e-05	-2.67000000e-08
170             	chipFace	-6.67499999e-05	-6.67499999e-05	-2.67000000e-08
171             	chipFace	-6.67499999e-05	-6.67499999e-05	-2.67000000e-08
172             	chipFace	-6.67499999e-05	-6.67499999e-05	-2.67000000e-08
173             	chipFace	-6.67499999e-05	-6.67499999e-05	-2.67000000e-08
174             	chipFace	-6.67499999e-05	-6.67499999e-05	-2.67000000e-08
175             	chipFace	-6.67499999e-05	-6.67499999e-05	-2.67000000e-08
176             	chipFace	-6.67499999e-05	-6.67499999e-05	-2.67000000e-08
177             	chipFace	-6.67499999e-05	-6.67499999e-05	-2.67000000e-08
178             	chipFace	-6.67499999e-05	-6.67499999e-05	-2.67000000e-08
179             	chipFace	-6.67499999e-05	-6.67499999e-05	-2.67000000e-08
180             	chipFace	-6.67499999e-05	-6.67499999e-05	-2.67000000e-08
181             	chipFace	-6.67499999e-05	-6.67499999e-05	-2.67000000e-08
182             	chipFace	-6.67499999e-05	-6.67499999e-05	-2.67000000e-08
183             	chipFace	-6.67499999e-05	-6.67499999e-05	-2.67000000e-08
184             	chipFace	-6.67499999e-05	-6.67499999e-05	-2.67000000e-08
185             	chipFace	-6.67499999e-05	-6.67499999e-05	-2.67000000e-08
186             	chipFace	-6.67499999e-05	-6.67499999e-05	-2.67000000e-08
187             	chipFace	-6.67499999e-05	-6.67499999e-05	-2.67000000e-08
188             	chipFace	-6.67499999e-05	-6.67499999e-05	-2.67000000e-08
189             	chipFace	-6.67499999e-05	-6.67499999e-05	-2.67000000e-08
190             	chipFace	-6.67499999e-05	-6.67499999e-05	-2.67000000e-08
191             	chipFace	-6.67499999e-05	-6.67499999e-05	-2.67000000e-08
192             	chipFace	-6.67499999e-05	-6.67499999e-05	-2.67000000e-08
193             	chipFace	-6.67499999e-05	-6.67499999e-05	-2.67000000e-08
194             	chipFace	-6.67499999e-05	-6.67499999e-05	-2.67000000e-08
195             	chipFace	-6.67499999e-05	-6.67499999e-05	-2.67000000e-08
196             	chipFace	-6.67499999e-05	-6.67499999e-05	-2.67000000e-08
197             	chipFace	-6.67499999e-05	-6.67499999e-05	-2.67000000e-08
198             	chipFace	-6.67499999e-05	-6.67499999e-05	-2.67000000e-08
199             	chipFace	-6.67499999e-05	-6.67499999e-05	-2.67000000e-08
200             	chipFace	-6.67499999e-05	-6.67499999e-05	-2.67000000e-08
201             	chipFace	-6.67499999e-05	-6.67499999e-05	-2.67000000e-08
202             	chipFace	-6.67499999e-05	-6.67499999e-05	-2.67000000e-08
203             	chipFace	-6.67499999e-05	-6.67499999e-05	-2.67000000e-08
204             	chipFace	-6.67499999e-05	-6.67499999e-05	-2.67000000e-08
205             	chipFace	-6.67499999e-05	-6.67499999e-05	-2.67000000e-08
206             	chipFace	-6.67499999e-05	-6.67499999e-05	-2.67000000e-08
207             	chipFace	-6.67499999e-05	-6.67499999e-05	-2.67000000e-08
208             	chipFace	-6.67499999e-05	-6.67499999e-05	-2.67000000e-08
209             	chipFace	-6.67499999e-05	-6.67499999e-05	-2.67000000e-08
210             	chipFace	-6.67499999e-05	-6.67499999e-05	-2.67000000e-08
211             	chipFace	-6.67499999e-05	-6.67499999e-05	-2.67000000e-08
212             	chipFace	-6.67499999e-05	-6.67499999e-05	-2.67000000e-08
213             	chipFace	-6.67499999e-05	-6.67499999e-05	-2.67000000e-08
214             	chipFace	-6.67499999e-05	-6.67499999e-05	-2.67000000e-08
215             	chipFace	-6.67499999e-05	-6.67499999e-05	-2.67000000e-08
216             	chipFace	-6.67499999e-05	-6.67499999e-05	-2.67000000e-08
217             	chipFace	-6.67499999e-05	-6.67499999e-05	-2.67000000e-08
218             	chipFace	-6.67499999e-05	-6.67499999e-05	-2.67000000e-08
219             	chipFace	-6.67499999e-05	-6.67499999e-05	-2.67000000e-08
220             	chipFace	-6.67499999e-05	-6.67499999e-05	-2.67000000e-08
221             	chipFace	-6.67499999e-05	-6.67499999e-05	-2.67000000e-08
222             	chipFace	-6.67499999e-05	-6.67499999e-05	-2.67000000e-08
223             	chipFace	-6.67499999e-05	-6.67499999e-05	-2.67000000e-08
224             	chipFace	-6.67499999e-05	-6.67499999e-05	-2.67000000e-08
225             	chipFace	-6.67499999e-05	-6.67499999e-05	-2.67000000e-08
226             	chipFace	-6.67499999e-05	-6.67499999e-05	-2.67000000e-08
227             	chipFace	-6.67499999e-05	-6.67499999e-05	-2.67000000e-08
228             	chipFace	-6.67499999e-05	-6.67499999e-05	-2.67000000e-08
229             	chipFace	-6.67499999e-05	-6.67499999e-05	-2.67000000e-08
230             	chipFace	-6.67499999e-05	-6.67499999e-05	-2.67000000e-08
231             	chipFace	-6.67499999e-05	-6.67499999e-05	-2.67000000e-08
232             	chipFace	-6.67499999e-05	-6.67499999e-05	-2.67000000e-08
233             	chipFace	-6.67499999e-05	-6.67499999e-05	-2.67000000e-08
234             	chipFace	-6.67499999e-05	-6.67499999e-05	-2.67000000e-08
235             	chipFace	-6.67499999e-05	-6.67499999e-05	-2.67000000e-08
236             	chipFace	-6.67499999e-05	-6.67499999e-05	-2.67000000e-08
237             	chipFace	-6.67499999e-05	-6.67499999e-05	-2.67000000e-08
238             	chipFace	-6.67499999e-05	-6.67499999e-05	-2.67000000e-08
239             	chipFace	-6.67499999e-05	-6.67499999e-05	-2.67000000e-08
240             	chipFace	-6.67499999e-05	-6.67499999e-05	-2.67000000e-08
241             	chipFace	-6.67499999e-05	-6.67499999e-05	-2.67000000e-08
242             	chipFace	-6.67499999e-05	-6.67499999e-05	-2.67000000e-08
243             	chipFace	-6.67499999e-05	-6.67499999e-05	-2.67000000e-08
244             	chipFace	-6.67499999e-05	-6.67499999e-05	-2.67000000e-08
245             	chipFace	-6.67499999e-05	-6.67499999e-05	-2.67000000e-08
246             	chipFace	-6.67499999e-05	-6.67499999e-05	-2.67000000e-08
247             	chipFace	-6.67499999e-05	-6.67499999e-05	-2.67000000e-08
248             	chipFace	-6.67499999e-05	-6.67499999e-05	-2.67000000e-08
249             	chipFace	-6.67499999e-05	-6.67499999e-05	-2.67000000e-08
250             	chipFace	-6.67499999e-05	-6.67499999e-05	-2.67000000e-08
251             	chipFace	-6.67499999e-05	-6.67499999e-05	-2.67000000e-08
252             	chipFace	-6.67499999e-05	-6.67499999e-05	-2.67000000e-08
253             	chipFace	-6.67499999e-05	-6.67499999e-05	-2.67000000e-08
254             	chipFace	-6.67499999e-05	-6.67499999e-05	-2.67000000e-08
255             	chipFace	-6.67499999e-05	-6.67499999e-05	-2.67000000e-08
256             	chipFace	-6.67499999e-05	-6.67499999e-05	-2.67000000e-08
257             	chipFace	-6.67499999e-05	-6.67499999e-05	-2.67000000e-08
258             	chipFace	-6.67499999e-05	-6.67499999e-05	-2.67000000e-08
259             	chipFace	-6.67499999e-05	-6.67499999e-05	-2.67000000e-08
260             	chipFace	-6.67499999e-05	-6.67499999e-05	-2.67000000e-08
261             	chipFace	-6.67499999e-05	-6.67499999e-05	-2.67000000e-08
262             	chipFace	-6.67499999e-05	-6.67499999e-05	-2.67000000e-08
263             	chipFace	-6.67499999e-05	-6.67499999e-05	-2.67000000e-08
264             	chipFace	-6.67499999e-05	-6.67499999e-05	-2.67000000e-08
265             	chipFace	-6.67499999e-05	-6.67499999e-05	-2.67000000e-08
266             	chipFace	-6.67499999e-05	-6.67499999e-05	-2.67000000e-08
267             	chipFace	-6.67499999e-05	-6.67499999e-05	-2.67000000e-08
268             	chipFace	-6.67499999e-05	-6.67499999e-05	-2.67000000e-08
269             	chipFace	-6.67499999e-05	-6.67499999e-05	-2.67000000e-08
270             	chipFace	-6.67499999e-05	-6.67499999e-05	-2.67000000e-08
271             	chipFace	-6.67499999e-05	-6.67499999e-05	-2.67000000e-08
272             	chipFace	-6.67499999e-05	-6.67499999e-05	-2.67000000e-08
273             	chipFace	-6.67499999e-05	-6.67499999e-05	-2.67000000e-08
274             	chipFace	-6.67499999e-05	-6.67499999e-05	-2.67000000e-08
275             	chipFace	-6.67499999e-05	-6.67499999e-05	-2.67000000e-08
276             	chipFace	-6.67499999e-05	-6.67499999e-05	-2.67000000e-08
277             	chipFace	-6.67499999e-05	-6.67499999e-05	-2.67000000e-08
278             	chipFace	-6.67499999e-05	-6.67499999e-05	-2.67000000e-08
279             	chipFace	-6.67499999e-05	-6.67499999e-05	-2.67000000e-08
280             	chipFace	-6.67499999e-05	-6.67499999e-05	-2.67000000e-08
281             	chipFace	-6.67499999e-05	-6.67499999e-05	-2.67000000e-08
282             	chipFace	-6.67499999e-05	-6.67499999e-05	-2.67000000e-08
283             	chipFace	-6.67499999e-05	-6.67499999e-05	-2.67000000e-08
284             	chipFace	-6.67499999e-05	-6.67499999e-05	-2.67000000e-08
285             	chipFace	-6.67499999e-05	-6.67499999e-05	-2.67000000e-08
286             	chipFace	-6.67499999e-05	-6.67499999e-05	-2.67000000e-08
287             	chipFace	-6.67499999e-05	-6.67499999e-05	-2.67000000e-08
288             	chipFace	-6.67499999e-05	-6.67499999e-05	-2.67000000e-08
289             	chipFace	-6.67499999e-05	-6.67499999e-05	-2.67000000e-08
290             	chipFace	-6.67499999e-05	-6.67499999e-05	-2.67000000e-08
291             	chipFace	-6.67499999e-05	-6.67499999e-05	-2.67000000e-08
292             	chipFace	-6.67499999e-05	-6.67499999e-05	-2.67000000e-08
293             	chipFace	-6.67499999e-05	-6.67499999e-05	-2.67000000e-08
294             	chipFace	-6.67499999e-05	-6.67499999e-05	-2.67000000e-08
295             	chipFace	-6.67499999e-05	-6.67499999e-05	-2.67000000e-08
296             	chipFace	-6.67499999e-05	-6.67499999e-05	-2.67000000e-08
297             	chipFace	-6.67499999e-05	-6.67499999e-05	-2.67000000e-08
298             	chipFace	-6.67499999e-05	-6.67499999e-05	-2.67000000e-08
299             	chipFace	-6.67499999e-05	-6.67499999e-05	-2.67000000e-08
300             	chipFace	-6.67499999e-05	-6.67499999e-05	-2.67000000e-08
301             	chipFace	-6.67499999e-05	-6.67499999e-05	-2.67000000e-08
302             	chipFace	-6.67499999e-05	-6.67499999e-05	-2.67000000e-08
303             	chipFace	-6.67499999e-05	-6.67499999e-05	-2.67000000e-08
304             	chipFace	-6.67499999e-05	-6.67499999e-05	-2.67000000e-08
305             	chipFace	-6.67499999e-05	-6.67499999e-05	-2.67000000e-08
306             	chipFace	-6.67499999e-05	-6.67499999e-05	-2.67000000e-08
307             	chipFace	-6.67499999e-05	-6.67499999e-05	-2.67000000e-08
308             	chipFace	-6.67499999e-05	-6.67499999e-05	-2.67000000e-08
309             	chipFace	-6.67499999e-05	-6.67499999e-05	-2.67000000e-08
310             	chipFace	-6.67499999e-05	-6.67499999e-05	-2.67000000e-08
311             	chipFace	-6.67499999e-05	-6.67499999e-05	-2.67000000e-08
312             	chipFace	-6.67499999e-05	-6.67499999e-05	-2.67000000e-08
313             	chipFace	-6.67499999e-05	-6.67499999e-05	-2.67000000e-08
314             	chipFace	-6.67499999e-05	-6.67499999e-05	-2.67000000e-08
315             	chipFace	-6.67499999e-05	-6.67499999e-05	-2.67000000e-08
316             	chipFace	-6.67499999e-05	-6.67499999e-05	-2.67000000e-08
317             	chipFace	-6.67499999e-05	-6.67499999e-05	-2.67000000e-08
318             	chipFace	-6.67499999e-05	-6.67499999e-05	-2.67000000e-08
319             	chipFace	-6.67499999e-05	-6.67499999e-05	-2.67000000e-08
320             	chipFace	-6.67499999e-05	-6.67499999e-05	-2.67000000e-08
321             	chipFace	-6.67499999e-05	-6.67499999e-05	-2.67000000e-08
322             	chipFace	-6.67499999e-05	-6.67499999e-05	-2.67000000e-08
323             	chipFace	-6.67499999e-05	-6.67499999e-05	-2.67000000e-08
324             	chipFace	-6.67499999e-05	-6.67499999e-05	-2.67000000e-08
325             	chipFace	-6.67499999e-05	-6.67499999e-05	-2.67000000e-08
326             	chipFace	-6.67499999e-05	-6.67499999e-05	-2.67000000e-08
327             	chipFace	-6.67499999e-05	-6.67499999e-05	-2.67000000e-08
328             	chipFace	-6.67499999e-05	-6.67499999e-05	-2.67000000e-08
329             	chipFace	-6.67499999e-05	-6.67499999e-05	-2.67000000e-08
330             	chipFace	-6.67499999e-05	-6.67499999e-05	-2.67000000e-08
331             	chipFace	-6.67499999e-05	-6.67499999e-05	-2.67000000e-08
332             	chipFace	-6.67499999e-05	-6.67499999e-05	-2.67000000e-08
333             	chipFace	-6.67499999e-05	-6.67499999e-05	-2.67000000e-08
334             	chipFace	-6.67499999e-05	-6.67499999e-05	-2.67000000e-08
335             	chipFace	-6.67499999e-05	-6.67499999e-05	-2.67000000e-08
336             	chipFace	-6.67499999e-05	-6.67499999e-05	-2.67000000e-08
337             	chipFace	-6.67499999e-05	-6.67499999e-05	-2.67000000e-08
338             	chipFace	-6.67499999e-05	-6.67499999e-05	-2.67000000e-08
339             	chipFace	-6.67499999e-05	-6.67499999e-05	-2.67000000e-08
340             	chipFace	-6.67499999e-05	-6.67499999e-05	-2.67000000e-08
341             	chipFace	-6.67499999e-05	-6.67499999e-05	-2.67000000e-08
342             	chipFace	-6.67499999e-05	-6.67499999e-05	-2.67000000e-08
343             	chipFace	-6.67499999e-05	-6.67499999e-05	-2.67000000e-08
344             	chipFace	-6.67499999e-05	-6.67499999e-05	-2.67000000e-08
345             	chipFace	-6.67499999e-05	-6.67499999e-05	-2.67000000e-08
346             	chipFace	-6.67499999e-05	-6.67499999e-05	-2.67000000e-08
347             	chipFace	-6.67499999e-05	-6.67499999e-05	-2.67000000e-08
348             	chipFace	-6.67499999e-05	-6.67499999e-05	-2.67000000e-08
349             	chipFace	-6.67499999e-05	-6.67499999e-05	-2.67000000e-08
350             	chipFace	-6.67499999e-05	-6.67499999e-05	-2.67000000e-08
351             	chipFace	-6.67499999e-05	-6.67499999e-05	-2.67000000e-08
352             	chipFace	-6.67499999e-05	-6.67499999e-05	-2.67000000e-08
353             	chipFace	-6.67499999e-05	-6.67499999e-05	-2.67000000e-08
354             	chipFace	-6.67499999e-05	-6.67499999e-05	-2.67000000e-08
355             	chipFace	-6.67499999e-05	-6.67499999e-05	-2.67000000e-08
356             	chipFace	-6.67499999e-05	-6.67499999e-05	-2.67000000e-08
357             	chipFace	-6.67499999e-05	-6.67499999e-05	-2.67000000e-08
358             	chipFace	-6.67499999e-05	-6.67499999e-05	-2.67000000e-08
359             	chipFace	-6.67499999e-05	-6.67499999e-05	-2.67000000e-08
360             	chipFace	-6.67499999e-05	-6.67499999e-05	-2.67000000e-08
361             	chipFace	-6.67499999e-05	-6.67499999e-05	-2.67000000e-08
362             	chipFace	-6.67499999e-05	-6.67499999e-05	-2.67000000e-08
363             	chipFace	-6.67499999e-05	-6.67499999e-05	-2.67000000e-08
364             	chipFace	-6.67499999e-05	-6.67499999e-05	-2.67000000e-08
365             	chipFace	-6.67499999e-05	-6.67499999e-05	-2.67000000e-08
366             	chipFace	-6.67499999e-05	-6.67499999e-05	-2.67000000e-08
367             	chipFace	-6.67499999e-05	-6.67499999e-05	-2.67000000e-08
368             	chipFace	-6.67499999e-05	-6.67499999e-05	-2.67000000e-08
369             	chipFace	-6.67499999e-05	-6.67499999e-05	-2.67000000e-08
370             	chipFace	-6.67499999e-05	-6.67499999e-05	-2.67000000e-08
371             	chipFace	-6.67499999e-05	-6.67499999e-05	-2.67000000e-08
372             	chipFace	-6.67499999e-05	-6.67499999e-05	-2.67000000e-08
373             	chipFace	-6.67499999e-05	-6.67499999e-05	-2.67000000e-08
374             	chipFace	-6.67499999e-05	-6.67499999e-05	-2.67000000e-08
375             	chipFace	-6.67499999e-05	-6.67499999e-05	-2.67000000e-08
376             	chipFace	-6.67499999e-05	-6.67499999e-05	-2.67000000e-08
377             	chipFace	-6.67499999e-05	-6.67499999e-05	-2.67000000e-08
378             	chipFace	-6.67499999e-05	-6.67499999e-05	-2.67000000e-08
379             	chipFace	-6.67499999e-05	-6.67499999e-05	-2.67000000e-08
380             	chipFace	-6.67499999e-05	-6.67499999e-05	-2.67000000e-08
381             	chipFace	-6.67499999e-05	-6.67499999e-05	-2.67000000e-08
382             	chipFace	-6.67499999e-05	-6.67499999e-05	-2.67000000e-08
383             	chipFace	-6.67499999e-05	-6.67499999e-05	-2.67000000e-08
384             	chipFace	-6.67499999e-05	-6.67499999e-05	-2.67000000e-08
385             	chipFace	-6.67499999e-05	-6.67499999e-05	-2.67000000e-08
386             	chipFace	-6.67499999e-05	-6.67499999e-05	-2.67000000e-08
387             	chipFace	-6.67499999e-05	-6.67499999e-05	-2.67000000e-08
388             	chipFace	-6.67499999e-05	-6.67499999e-05	-2.67000000e-08
389             	chipFace	-6.67499999e-05	-6.67499999e-05	-2.67000000e-08
390             	chipFace	-6.67499999e-05	-6.67499999e-05	-2.67000000e-08
391             	chipFace	-6.67499999e-05	-6.67499999e-05	-2.67000000e-08
392             	chipFace	-6.67499999e-05	-6.67499999e-05	-2.67000000e-08
393             	chipFace	-6.67499999e-05	-6.67499999e-05	-2.67000000e-08
394             	chipFace	-6.67499999e-05	-6.67499999e-05	-2.67000000e-08
395             	chipFace	-6.67499999e-05	-6.67499999e-05	-2.67000000e-08
396             	chipFace	-6.67499999e-05	-6.67499999e-05	-2.67000000e-08
397             	chipFace	-6.67499999e-05	-6.67499999e-05	-2.67000000e-08
398             	chipFace	-6.67499999e-05	-6.67499999e-05	-2.67000000e-08
399             	chipFace	-6.67499999e-05	-6.67499999e-05	-2.67000000e-08
400             	chipFace	-6.67499999e-05	-6.67499999e-05	-2.67000000e-08
401             	chipFace	-6.67499999e-05	-6.67499999e-05	-2.67000000e-08
402             	chipFace	-6.67499999e-05	-6.67499999e-05	-2.67000000e-08
403             	chipFace	-6.67499999e-05	-6.67499999e-05	-2.67000000e-08
404             	chipFace	-6.67499999e-05	-6.67499999e-05	-2.67000000e-08
405             	chipFace	-6.67499999e-05	-6.67499999e-05	-2.67000000e-08
406             	chipFace	-6.67499999e-05	-6.67499999e-05	-2.67000000e-08
407             	chipFace	-6.67499999e-05	-6.67499999e-05	-2.67000000e-08
408             	chipFace	-6.67499999e-05	-6.67499999e-05	-2.67000000e-08
409             	chipFace	-6.67499999e-05	-6.67499999e-05	-2.67000000e-08
410             	chipFace	-6.67499999e-05	-6.67499999e-05	-2.67000000e-08
411             	chipFace	-6.67499999e-05	-6.67499999e-05	-2.67000000e-08
412             	chipFace	-6.67499999e-05	-6.67499999e-05	-2.67000000e-08
413             	chipFace	-6.67499999e-05	-6.67499999e-05	-2.67000000e-08
414             	chipFace	-6.67499999e-05	-6.67499999e-05	-2.67000000e-08
415             	chipFace	-6.67499999e-05	-6.67499999e-05	-2.67000000e-08
416             	chipFace	-6.67499999e-05	-6.67499999e-05	-2.67000000e-08
417             	chipFace	-6.67499999e-05	-6.67499999e-05	-2.67000000e-08
418             	chipFace	-6.67499999e-05	-6.67499999e-05	-2.67000000e-08
419             	chipFace	-6.67499999e-05	-6.67499999e-05	-2.67000000e-08
420             	chipFace	-6.67499999e-05	-6.67499999e-05	-2.67000000e-08
421             	chipFace	-6.67499999e-05	-6.67499999e-05	-2.67000000e-08
422             	chipFace	-6.67499999e-05	-6.67499999e-05	-2.67000000e-08
423             	chipFace	-6.67499999e-05	-6.67499999e-05	-2.67000000e-08
424             	chipFace	-6.67499999e-05	-6.67499999e-05	-2.67000000e-08
425             	chipFace	-6.67499999e-05	-6.67499999e-05	-2.67000000e-08
426             	chipFace	-6.67499999e-05	-6.67499999e-05	-2.67000000e-08
427             	chipFace	-6.67499999e-05	-6.67499999e-05	-2.67000000e-08
428             	chipFace	-6.67499999e-05	-6.67499999e-05	-2.67000000e-08
429             	chipFace	-6.67499999e-05	-6.67499999e-05	-2.67000000e-08
430             	chipFace	-6.67499999e-05	-6.67499999e-05	-2.67000000e-08
431             	chipFace	-6.67499999e-05	-6.67499999e-05	-2.67000000e-08
432             	chipFace	-6.67499999e-05	-6.67499999e-05	-2.67000000e-08
433             	chipFace	-6.67499999e-05	-6.67499999e-05	-2.67000000e-08
434             	chipFace	-6.67499999e-05	-6.67499999e-05	-2.67000000e-08
435             	chipFace	-6.67499999e-05	-6.67499999e-05	-2.67000000e-08
436             	chipFace	-6.67499999e-05	-6.67499999e-05	-2.67000000e-08
437             	chipFace	-6.67499999e-05	-6.67499999e-05	-2.67000000e-08
438             	chipFace	-6.67499999e-05	-6.67499999e-05	-2.67000000e-08
439             	chipFace	-6.67499999e-05	-6.67499999e-05	-2.67000000e-08
440             	chipFace	-6.67499999e-05	-6.67499999e-05	-2.67000000e-08
441             	chipFace	-6.67499999e-05	-6.67499999e-05	-2.67000000e-08
442             	chipFace	-6.67499999e-05	-6.67499999e-05	-2.67000000e-08
443             	chipFace	-6.67499999e-05	-6.67499999e-05	-2.67000000e-08
444             	chipFace	-6.67499999e-05	-6.67499999e-05	-2.67000000e-08
445             	chipFace	-6.67499999e-05	-6.67499999e-05	-2.67000000e-08
446             	chipFace	-6.67499999e-05	-6.67499999e-05	-2.67000000e-08
447             	chipFace	-6.67499999e-05	-6.67499999e-05	-2.67000000e-08
448             	chipFace	-6.67499999e-05	-6.67499999e-05	-2.67000000e-08
449             	chipFace	-6.67499999e-05	-6.67499999e-05	-2.67000000e-08
450             	chipFace	-6.67499999e-05	-6.67499999e-05	-2.67000000e-08
451             	chipFace	-6.67499999e-05	-6.67499999e-05	-2.67000000e-08
452             	chipFace	-6.67499999e-05	-6.67499999e-05	-2.67000000e-08
453             	chipFace	-6.67499999e-05	-6.67499999e-05	-2.67000000e-08
454             	chipFace	-6.67499999e-05	-6.67499999e-05	-2.67000000e-08
455             	chipFace	-6.67499999e-05	-6.67499999e-05	-2.67000000e-08
456             	chipFace	-6.67499999e-05	-6.67499999e-05	-2.67000000e-08
457             	chipFace	-6.67499999e-05	-6.67499999e-05	-2.67000000e-08
458             	chipFace	-6.67499999e-05	-6.67499999e-05	-2.67000000e-08
459             	chipFace	-6.67499999e-05	-6.67499999e-05	-2.67000000e-08
460             	chipFace	-6.67499999e-05	-6.67499999e-05	-2.67000000e-08
461             	chipFace	-6.67499999e-05	-6.67499999e-05	-2.67000000e-08
462             	chipFace	-6.67499999e-05	-6.67499999e-05	-2.67000000e-08
463             	chipFace	-6.67499999e-05	-6.67499999e-05	-2.67000000e-08
464             	chipFace	-6.67499999e-05	-6.67499999e-05	-2.67000000e-08
465             	chipFace	-6.67499999e-05	-6.67499999e-05	-2.67000000e-08
466             	chipFace	-6.67499999e-05	-6.67499999e-05	-2.67000000e-08
467             	chipFace	-6.67499999e-05	-6.67499999e-05	-2.67000000e-08
468             	chipFace	-6.67499999e-05	-6.67499999e-05	-2.67000000e-08
469             	chipFace	-6.67499999e-05	-6.67499999e-05	-2.67000000e-08
470             	chipFace	-6.67499999e-05	-6.67499999e-05	-2.67000000e-08
471             	chipFace	-6.67499999e-05	-6.67499999e-05	-2.67000000e-08
472             	chipFace	-6.67499999e-05	-6.67499999e-05	-2.67000000e-08
473             	chipFace	-6.67499999e-05	-6.67499999e-05	-2.67000000e-08
474             	chipFace	-6.67499999e-05	-6.67499999e-05	-2.67000000e-08
475             	chipFace	-6.67499999e-05	-6.67499999e-05	-2.67000000e-08
476             	chipFace	-6.67499999e-05	-6.67499999e-05	-2.67000000e-08
477             	chipFace	-6.67499999e-05	-6.67499999e-05	-2.67000000e-08
478             	chipFace	-6.67499999e-05	-6.67499999e-05	-2.67000000e-08
479             	chipFace	-6.67499999e-05	-6.67499999e-05	-2.67000000e-08
480             	chipFace	-6.67499999e-05	-6.67499999e-05	-2.67000000e-08
481             	chipFace	-6.67499999e-05	-6.67499999e-05	-2.67000000e-08
482             	chipFace	-6.67499999e-05	-6.67499999e-05	-2.67000000e-08
483             	chipFace	-6.67499999e-05	-6.67499999e-05	-2.67000000e-08
484             	chipFace	-6.67499999e-05	-6.67499999e-05	-2.67000000e-08
485             	chipFace	-6.67499999e-05	-6.67499999e-05	-2.67000000e-08
486             	chipFace	-6.67499999e-05	-6.67499999e-05	-2.67000000e-08
487             	chipFace	-6.67499999e-05	-6.67499999e-05	-2.67000000e-08
488             	chipFace	-6.67499999e-05	-6.67499999e-05	-2.67000000e-08
489             	chipFace	-6.67499999e-05	-6.67499999e-05	-2.67000000e-08
490             	chipFace	-6.67499999e-05	-6.67499999e-05	-2.67000000e-08
491             	chipFace	-6.67499999e-05	-6.67499999e-05	-2.67000000e-08
492             	chipFace	-6.67499999e-05	-6.67499999e-05	-2.67000000e-08
493             	chipFace	-6.67499999e-05	-6.67499999e-05	-2.67000000e-08
494             	chipFace	-6.67499999e-05	-6.67499999e-05	-2.67000000e-08
495             	chipFace	-6.67499999e-05	-6.67499999e-05	-2.67000000e-08
496             	chipFace	-6.67499999e-05	-6.67499999e-05	-2.67000000e-08
497             	chipFace	-6.67499999e-05	-6.67499999e-05	-2.67000000e-08
498             	chipFace	-6.67499999e-05	-6.67499999e-05	-2.67000000e-08
499             	chipFace	-6.67499999e-05	-6.67499999e-05	-2.67000000e-08
500             	chipFace	-6.67499999e-05	-6.67499999e-05	-2.67000000e-08
501             	chipFace	-6.67499999e-05	-6.67499999e-05	-2.67000000e-08
502             	chipFace	-6.67499999e-05	-6.67499999e-05	-2.67000000e-08
503             	chipFace	-6.67499999e-05	-6.67499999e-05	-2.67000000e-08
504             	chipFace	-6.67499999e-05	-6.67499999e-05	-2.67000000e-08
505             	chipFace	-6.67499999e-05	-6.67499999e-05	-2.67000000e-08
506             	chipFace	-6.67499999e-05	-6.67499999e-05	-2.67000000e-08
507             	chipFace	-6.67499999e-05	-6.67499999e-05	-2.67000000e-08
508             	chipFace	-6.67499999e-05	-6.67499999e-05	-2.67000000e-08
509             	chipFace	-6.67499999e-05	-6.67499999e-05	-2.67000000e-08
510             	chipFace	-6.67499999e-05	-6.67499999e-05	-2.67000000e-08
511             	chipFace	-6.67499999e-05	-6.67499999e-05	-2.67000000e-08
512             	chipFace	-6.67499999e-05	-6.67499999e-05	-2.67000000e-08
513             	chipFace	-6.67499999e-05	-6.67499999e-05	-2.67000000e-08
514             	chipFace	-6.67499999e-05	-6.67499999e-05	-2.67000000e-08
515             	chipFace	-6.67499999e-05	-6.67499999e-05	-2.67000000e-08
516             	chipFace	-6.67499999e-05	-6.67499999e-05	-2.67000000e-08
517             	chipFace	-6.67499999e-05	-6.67499999e-05	-2.67000000e-08
518             	chipFace	-6.67499999e-05	-6.67499999e-05	-2.67000000e-08
519             	chipFace	-6.67499999e-05	-6.67499999e-05	-2.67000000e-08
520             	chipFace	-6.67499999e-05	-6.67499999e-05	-2.67000000e-08
521             	chipFace	-6.67499999e-05	-6.67499999e-05	-2.67000000e-08
522             	chipFace	-6.67499999e-05	-6.67499999e-05	-2.67000000e-08
523             	chipFace	-6.67499999e-05	-6.67499999e-05	-2.67000000e-08
524             	chipFace	-6.67499999e-05	-6.67499999e-05	-2.67000000e-08
525             	chipFace	-6.67499999e-05	-6.67499999e-05	-2.67000000e-08
526             	chipFace	-6.67499999e-05	-6.67499999e-05	-2.67000000e-08
527             	chipFace	-6.67499999e-05	-6.67499999e-05	-2.67000000e-08
528             	chipFace	-6.67499999e-05	-6.67499999e-05	-2.67000000e-08
529             	chipFace	-6.67499999e-05	-6.67499999e-05	-2.67000000e-08
530             	chipFace	-6.67499999e-05	-6.67499999e-05	-2.67000000e-08
531             	chipFace	-6.67499999e-05	-6.67499999e-05	-2.67000000e-08
532             	chipFace	-6.67499999e-05	-6.67499999e-05	-2.67000000e-08
533             	chipFace	-6.67499999e-05	-6.67499999e-05	-2.67000000e-08
534             	chipFace	-6.67499999e-05	-6.67499999e-05	-2.67000000e-08
535             	chipFace	-6.67499999e-05	-6.67499999e-05	-2.67000000e-08
536             	chipFace	-6.67499999e-05	-6.67499999e-05	-2.67000000e-08
537             	chipFace	-6.67499999e-05	-6.67499999e-05	-2.67000000e-08
538             	chipFace	-6.67499999e-05	-6.67499999e-05	-2.67000000e-08
539             	chipFace	-6.67499999e-05	-6.67499999e-05	-2.67000000e-08
540             	chipFace	-6.67499999e-05	-6.67499999e-05	-2.67000000e-08
541             	chipFace	-6.67499999e-05	-6.67499999e-05	-2.67000000e-08
542             	chipFace	-6.67499999e-05	-6.67499999e-05	-2.67000000e-08
543             	chipFace	-6.67499999e-05	-6.67499999e-05	-2.67000000e-08
544             	chipFace	-6.67499999e-05	-6.67499999e-05	-2.67000000e-08
545             	chipFace	-6.67499999e-05	-6.67499999e-05	-2.67000000e-08
546             	chipFace	-6.67499999e-05	-6.67499999e-05	-2.67000000e-08
547             	chipFace	-6.67499999e-05	-6.67499999e-05	-2.67000000e-08
548             	chipFace	-6.67499999e-05	-6.67499999e-05	-2.67000000e-08
549             	chipFace	-6.67499999e-05	-6.67499999e-05	-2.67000000e-08
550             	chipFace	-6.67499999e-05	-6.67499999e-05	-2.67000000e-08
551             	chipFace	-6.67499999e-05	-6.67499999e-05	-2.67000000e-08
552             	chipFace	-6.67499999e-05	-6.67499999e-05	-2.67000000e-08
553             	chipFace	-6.67499999e-05	-6.67499999e-05	-2.67000000e-08
554             	chipFace	-6.67499999e-05	-6.67499999e-05	-2.67000000e-08
555             	chipFace	-6.67499999e-05	-6.67499999e-05	-2.67000000e-08
556             	chipFace	-6.67499999e-05	-6.67499999e-05	-2.67000000e-08
557             	chipFace	-6.67499999e-05	-6.67499999e-05	-2.67000000e-08
558             	chipFace	-6.67499999e-05	-6.67499999e-05	-2.67000000e-08
559             	chipFace	-6.67499999e-05	-6.67499999e-05	-2.67000000e-08
560             	chipFace	-6.67499999e-05	-6.67499999e-05	-2.67000000e-08
561             	chipFace	-6.67499999e-05	-6.67499999e-05	-2.67000000e-08
562             	chipFace	-6.67499999e-05	-6.67499999e-05	-2.67000000e-08
563             	chipFace	-6.67499999e-05	-6.67499999e-05	-2.67000000e-08
564             	chipFace	-6.67499999e-05	-6.67499999e-05	-2.67000000e-08
565             	chipFace	-6.67499999e-05	-6.67499999e-05	-2.67000000e-08
566             	chipFace	-6.67499999e-05	-6.67499999e-05	-2.67000000e-08
567             	chipFace	-6.67499999e-05	-6.67499999e-05	-2.67000000e-08
568             	chipFace	-6.67499999e-05	-6.67499999e-05	-2.67000000e-08
569             	chipFace	-6.67499999e-05	-6.67499999e-05	-2.67000000e-08
570             	chipFace	-6.67499999e-05	-6.67499999e-05	-2.67000000e-08
571             	chipFace	-6.67499999e-05	-6.67499999e-05	-2.67000000e-08
572             	chipFace	-6.67499999e-05	-6.67499999e-05	-2.67000000e-08
573             	chipFace	-6.67499999e-05	-6.67499999e-05	-2.67000000e-08
574             	chipFace	-6.67499999e-05	-6.67499999e-05	-2.67000000e-08
575             	chipFace	-6.67499999e-05	-6.67499999e-05	-2.67000000e-08
576             	chipFace	-6.67499999e-05	-6.67499999e-05	-2.67000000e-08
577             	chipFace	-6.67499999e-05	-6.67499999e-05	-2.67000000e-08
578             	chipFace	-6.67499999e-05	-6.67499999e-05	-2.67000000e-08
579             	chipFace	-6.67499999e-05	-6.67499999e-05	-2.67000000e-08
580             	chipFace	-6.67499999e-05	-6.67499999e-05	-2.67000000e-08
581             	chipFace	-6.67499999e-05	-6.67499999e-05	-2.67000000e-08
582             	chipFace	-6.67499999e-05	-6.67499999e-05	-2.67000000e-08
583             	chipFace	-6.67499999e-05	-6.67499999e-05	-2.67000000e-08
584             	chipFace	-6.67499999e-05	-6.67499999e-05	-2.67000000e-08
585             	chipFace	-6.67499999e-05	-6.67499999e-05	-2.67000000e-08
586             	chipFace	-6.67499999e-05	-6.67499999e-05	-2.67000000e-08
587             	chipFace	-6.67499999e-05	-6.67499999e-05	-2.67000000e-08
588             	chipFace	-6.67499999e-05	-6.67499999e-05	-2.67000000e-08
589             	chipFace	-6.67499999e-05	-6.67499999e-05	-2.67000000e-08
590             	chipFace	-6.67499999e-05	-6.67499999e-05	-2.67000000e-08
591             	chipFace	-6.67499999e-05	-6.67499999e-05	-2.67000000e-08
592             	chipFace	-6.67499999e-05	-6.67499999e-05	-2.67000000e-08
593             	chipFace	-6.67499999e-05	-6.67499999e-05	-2.67000000e-08
594             	chipFace	-6.67499999e-05	-6.67499999e-05	-2.67000000e-08
595             	chipFace	-6.67499999e-05	-6.67499999e-05	-2.67000000e-08
596             	chipFace	-6.67499999e-05	-6.67499999e-05	-2.67000000e-08
597             	chipFace	-6.67499999e-05	-6.67499999e-05	-2.67000000e-08
598             	chipFace	-6.67499999e-05	-6.67499999e-05	-2.67000000e-08
599             	chipFace	-6.67499999e-05	-6.67499999e-05	-2.67000000e-08
600             	chipFace	-6.67499999e-05	-6.67499999e-05	-2.67000000e-08
601             	chipFace	-6.67499999e-05	-6.67499999e-05	-2.67000000e-08
602             	chipFace	-6.67499999e-05	-6.67499999e-05	-2.67000000e-08
603             	chipFace	-6.67499999e-05	-6.67499999e-05	-2.67000000e-08
604             	chipFace	-6.67499999e-05	-6.67499999e-05	-2.67000000e-08
605             	chipFace	-6.67499999e-05	-6.67499999e-05	-2.67000000e-08
606             	chipFace	-6.67499999e-05	-6.67499999e-05	-2.67000000e-08
607             	chipFace	-6.67499999e-05	-6.67499999e-05	-2.67000000e-08
608             	chipFace	-6.67499999e-05	-6.67499999e-05	-2.67000000e-08
609             	chipFace	-6.67499999e-05	-6.67499999e-05	-2.67000000e-08
610             	chipFace	-6.67499999e-05	-6.67499999e-05	-2.67000000e-08
611             	chipFace	-6.67499999e-05	-6.67499999e-05	-2.67000000e-08
612             	chipFace	-6.67499999e-05	-6.67499999e-05	-2.67000000e-08
613             	chipFace	-6.67499999e-05	-6.67499999e-05	-2.67000000e-08
614             	chipFace	-6.67499999e-05	-6.67499999e-05	-2.67000000e-08
615             	chipFace	-6.67499999e-05	-6.67499999e-05	-2.67000000e-08
616             	chipFace	-6.67499999e-05	-6.67499999e-05	-2.67000000e-08
617             	chipFace	-6.67499999e-05	-6.67499999e-05	-2.67000000e-08
618             	chipFace	-6.67499999e-05	-6.67499999e-05	-2.67000000e-08
619             	chipFace	-6.67499999e-05	-6.67499999e-05	-2.67000000e-08
620             	chipFace	-6.67499999e-05	-6.67499999e-05	-2.67000000e-08
621             	chipFace	-6.67499999e-05	-6.67499999e-05	-2.67000000e-08
622             	chipFace	-6.67499999e-05	-6.67499999e-05	-2.67000000e-08
623             	chipFace	-6.67499999e-05	-6.67499999e-05	-2.67000000e-08
624             	chipFace	-6.67499999e-05	-6.67499999e-05	-2.67000000e-08
625             	chipFace	-6.67499999e-05	-6.67499999e-05	-2.67000000e-08
626             	chipFace	-6.67499999e-05	-6.67499999e-05	-2.67000000e-08
627             	chipFace	-6.67499999e-05	-6.67499999e-05	-2.67000000e-08
628             	chipFace	-6.67499999e-05	-6.67499999e-05	-2.67000000e-08
629             	chipFace	-6.67499999e-05	-6.67499999e-05	-2.67000000e-08
630             	chipFace	-6.67499999e-05	-6.67499999e-05	-2.67000000e-08
631             	chipFace	-6.67499999e-05	-6.67499999e-05	-2.67000000e-08
632             	chipFace	-6.67499999e-05	-6.67499999e-05	-2.67000000e-08
633             	chipFace	-6.67499999e-05	-6.67499999e-05	-2.67000000e-08
634             	chipFace	-6.67499999e-05	-6.67499999e-05	-2.67000000e-08
635             	chipFace	-6.67499999e-05	-6.67499999e-05	-2.67000000e-08
636             	chipFace	-6.67499999e-05	-6.67499999e-05	-2.67000000e-08
637             	chipFace	-6.67499999e-05	-6.67499999e-05	-2.67000000e-08
638             	chipFace	-6.67499999e-05	-6.67499999e-05	-2.67000000e-08
639             	chipFace	-6.67499999e-05	-6.67499999e-05	-2.67000000e-08
640             	chipFace	-6.67499999e-05	-6.67499999e-05	-2.67000000e-08
641             	chipFace	-6.67499999e-05	-6.67499999e-05	-2.67000000e-08
642             	chipFace	-6.67499999e-05	-6.67499999e-05	-2.67000000e-08
643             	chipFace	-6.67499999e-05	-6.67499999e-05	-2.67000000e-08
644             	chipFace	-6.67499999e-05	-6.67499999e-05	-2.67000000e-08
645             	chipFace	-6.67499999e-05	-6.67499999e-05	-2.67000000e-08
646             	chipFace	-6.67499999e-05	-6.67499999e-05	-2.67000000e-08
647             	chipFace	-6.67499999e-05	-6.67499999e-05	-2.67000000e-08
648             	chipFace	-6.67499999e-05	-6.67499999e-05	-2.67000000e-08
649             	chipFace	-6.67499999e-05	-6.67499999e-05	-2.67000000e-08
650             	chipFace	-6.67499999e-05	-6.67499999e-05	-2.67000000e-08
651             	chipFace	-6.67499999e-05	-6.67499999e-05	-2.67000000e-08
652             	chipFace	-6.67499999e-05	-6.67499999e-05	-2.67000000e-08
653             	chipFace	-6.67499999e-05	-6.67499999e-05	-2.67000000e-08
654             	chipFace	-6.67499999e-05	-6.67499999e-05	-2.67000000e-08
655             	chipFace	-6.67499999e-05	-6.67499999e-05	-2.67000000e-08
656             	chipFace	-6.67499999e-05	-6.67499999e-05	-2.67000000e-08
657             	chipFace	-6.67499999e-05	-6.67499999e-05	-2.67000000e-08
658             	chipFace	-6.67499999e-05	-6.67499999e-05	-2.67000000e-08
659             	chipFace	-6.67499999e-05	-6.67499999e-05	-2.67000000e-08
660             	chipFace	-6.67499999e-05	-6.67499999e-05	-2.67000000e-08
661             	chipFace	-6.67499999e-05	-6.67499999e-05	-2.67000000e-08
662             	chipFace	-6.67499999e-05	-6.67499999e-05	-2.67000000e-08
663             	chipFace	-6.67499999e-05	-6.67499999e-05	-2.67000000e-08
664             	chipFace	-6.67499999e-05	-6.67499999e-05	-2.67000000e-08
665             	chipFace	-6.67499999e-05	-6.67499999e-05	-2.67000000e-08
666             	chipFace	-6.67499999e-05	-6.67499999e-05	-2.67000000e-08
667             	chipFace	-6.67499999e-05	-6.67499999e-05	-2.67000000e-08
668             	chipFace	-6.67499999e-05	-6.67499999e-05	-2.67000000e-08
669             	chipFace	-6.67499999e-05	-6.67499999e-05	-2.67000000e-08
670             	chipFace	-6.67499999e-05	-6.67499999e-05	-2.67000000e-08
671             	chipFace	-6.67499999e-05	-6.67499999e-05	-2.67000000e-08
672             	chipFace	-6.67499999e-05	-6.67499999e-05	-2.67000000e-08
673             	chipFace	-6.67499999e-05	-6.67499999e-05	-2.67000000e-08
674             	chipFace	-6.67499999e-05	-6.67499999e-05	-2.67000000e-08
675             	chipFace	-6.67499999e-05	-6.67499999e-05	-2.67000000e-08
676             	chipFace	-6.67499999e-05	-6.67499999e-05	-2.67000000e-08
677             	chipFace	-6.67499999e-05	-6.67499999e-05	-2.67000000e-08
678             	chipFace	-6.67499999e-05	-6.67499999e-05	-2.67000000e-08
679             	chipFace	-6.67499999e-05	-6.67499999e-05	-2.67000000e-08
680             	chipFace	-6.67499999e-05	-6.67499999e-05	-2.67000000e-08
681             	chipFace	-6.67499999e-05	-6.67499999e-05	-2.67000000e-08
682             	chipFace	-6.67499999e-05	-6.67499999e-05	-2.67000000e-08
683             	chipFace	-6.67499999e-05	-6.67499999e-05	-2.67000000e-08
684             	chipFace	-6.67499999e-05	-6.67499999e-05	-2.67000000e-08
685             	chipFace	-6.67499999e-05	-6.67499999e-05	-2.67000000e-08
686             	chipFace	-6.67499999e-05	-6.67499999e-05	-2.67000000e-08
687             	chipFace	-6.67499999e-05	-6.67499999e-05	-2.67000000e-08
688             	chipFace	-6.67499999e-05	-6.67499999e-05	-2.67000000e-08
689             	chipFace	-6.67499999e-05	-6.67499999e-05	-2.67000000e-08
690             	chipFace	-6.67499999e-05	-6.67499999e-05	-2.67000000e-08
691             	chipFace	-6.67499999e-05	-6.67499999e-05	-2.67000000e-08
692             	chipFace	-6.67499999e-05	-6.67499999e-05	-2.67000000e-08
693             	chipFace	-6.67499999e-05	-6.67499999e-05	-2.67000000e-08
694             	chipFace	-6.67499999e-05	-6.67499999e-05	-2.67000000e-08
695             	chipFace	-6.67499999e-05	-6.67499999e-05	-2.67000000e-08
696             	chipFace	-6.67499999e-05	-6.67499999e-05	-2.67000000e-08
697             	chipFace	-6.67499999e-05	-6.67499999e-05	-2.67000000e-08
698             	chipFace	-6.67499999e-05	-6.67499999e-05	-2.67000000e-08
699             	chipFace	-6.67499999e-05	-6.67499999e-05	-2.67000000e-08
700             	chipFace	-6.67499999e-05	-6.67499999e-05	-2.67000000e-08
701             	chipFace	-6.67499999e-05	-6.67499999e-05	-2.67000000e-08
702             	chipFace	-6.67499999e-05	-6.67499999e-05	-2.67000000e-08
703             	chipFace	-6.67499999e-05	-6.67499999e-05	-2.67000000e-08
704             	chipFace	-6.67499999e-05	-6.67499999e-05	-2.67000000e-08
705             	chipFace	-6.67499999e-05	-6.67499999e-05	-2.67000000e-08
706             	chipFace	-6.67499999e-05	-6.67499999e-05	-2.67000000e-08
707             	chipFace	-6.67499999e-05	-6.67499999e-05	-2.67000000e-08
708             	chipFace	-6.67499999e-05	-6.67499999e-05	-2.67000000e-08
709             	chipFace	-6.67499999e-05	-6.67499999e-05	-2.67000000e-08
710             	chipFace	-6.67499999e-05	-6.67499999e-05	-2.67000000e-08
711             	chipFace	-6.67499999e-05	-6.67499999e-05	-2.67000000e-08
712             	chipFace	-6.67499999e-05	-6.67499999e-05	-2.67000000e-08
713             	chipFace	-6.67499999e-05	-6.67499999e-05	-2.67000000e-08
714             	chipFace	-6.67499999e-05	-6.67499999e-05	-2.67000000e-08
715             	chipFace	-6.67499999e-05	-6.67499999e-05	-2.67000000e-08
716             	chipFace	-6.67499999e-05	-6.67499999e-05	-2.67000000e-08
717             	chipFace	-6.67499999e-05	-6.67499999e-05	-2.67000000e-08
718             	chipFace	-6.67499999e-05	-6.67499999e-05	-2.67000000e-08
719             	chipFace	-6.67499999e-05	-6.67499999e-05	-2.67000000e-08
720             	chipFace	-6.67499999e-05	-6.67499999e-05	-2.67000000e-08
721             	chipFace	-6.67499999e-05	-6.67499999e-05	-2.67000000e-08
722             	chipFace	-6.67499999e-05	-6.67499999e-05	-2.67000000e-08
723             	chipFace	-6.67499999e-05	-6.67499999e-05	-2.67000000e-08
724             	chipFace	-6.67499999e-05	-6.67499999e-05	-2.67000000e-08
725             	chipFace	-6.67499999e-05	-6.67499999e-05	-2.67000000e-08
726             	chipFace	-6.67499999e-05	-6.67499999e-05	-2.67000000e-08
727             	chipFace	-6.67499999e-05	-6.67499999e-05	-2.67000000e-08
728             	chipFace	-6.67499999e-05	-6.67499999e-05	-2.67000000e-08
729             	chipFace	-6.67499999e-05	-6.67499999e-05	-2.67000000e-08
730             	chipFace	-6.67499999e-05	-6.67499999e-05	-2.67000000e-08
731             	chipFace	-6.67499999e-05	-6.67499999e-05	-2.67000000e-08
732             	chipFace	-6.67499999e-05	-6.67499999e-05	-2.67000000e-08
733             	chipFace	-6.67499999e-05	-6.67499999e-05	-2.67000000e-08
734             	chipFace	-6.67499999e-05	-6.67499999e-05	-2.67000000e-08
735             	chipFace	-6.67499999e-05	-6.67499999e-05	-2.67000000e-08
736             	chipFace	-6.67499999e-05	-6.67499999e-05	-2.67000000e-08
737             	chipFace	-6.67499999e-05	-6.67499999e-05	-2.67000000e-08
738             	chipFace	-6.67499999e-05	-6.67499999e-05	-2.67000000e-08
739             	chipFace	-6.67499999e-05	-6.67499999e-05	-2.67000000e-08
740             	chipFace	-6.67499999e-05	-6.67499999e-05	-2.67000000e-08
741             	chipFace	-6.67499999e-05	-6.67499999e-05	-2.67000000e-08
742             	chipFace	-6.67499999e-05	-6.67499999e-05	-2.67000000e-08
743             	chipFace	-6.67499999e-05	-6.67499999e-05	-2.67000000e-08
744             	chipFace	-6.67499999e-05	-6.67499999e-05	-2.67000000e-08
745             	chipFace	-6.67499999e-05	-6.67499999e-05	-2.67000000e-08
746             	chipFace	-6.67499999e-05	-6.67499999e-05	-2.67000000e-08
747             	chipFace	-6.67499999e-05	-6.67499999e-05	-2.67000000e-08
748             	chipFace	-6.67499999e-05	-6.67499999e-05	-2.67000000e-08
749             	chipFace	-6.67499999e-05	-6.67499999e-05	-2.67000000e-08
750             	chipFace	-6.67499999e-05	-6.67499999e-05	-2.67000000e-08
751             	chipFace	-6.67499999e-05	-6.67499999e-05	-2.67000000e-08
752             	chipFace	-6.67499999e-05	-6.67499999e-05	-2.67000000e-08
753             	chipFace	-6.67499999e-05	-6.67499999e-05	-2.67000000e-08
754             	chipFace	-6.67499999e-05	-6.67499999e-05	-2.67000000e-08
755             	chipFace	-6.67499999e-05	-6.67499999e-05	-2.67000000e-08
756             	chipFace	-6.67499999e-05	-6.67499999e-05	-2.67000000e-08
757             	chipFace	-6.67499999e-05	-6.67499999e-05	-2.67000000e-08
758             	chipFace	-6.67499999e-05	-6.67499999e-05	-2.67000000e-08
759             	chipFace	-6.67499999e-05	-6.67499999e-05	-2.67000000e-08
760             	chipFace	-6.67499999e-05	-6.67499999e-05	-2.67000000e-08
761             	chipFace	-6.67499999e-05	-6.67499999e-05	-2.67000000e-08
762             	chipFace	-6.67499999e-05	-6.67499999e-05	-2.67000000e-08
763             	chipFace	-6.67499999e-05	-6.67499999e-05	-2.67000000e-08
764             	chipFace	-6.67499999e-05	-6.67499999e-05	-2.67000000e-08
765             	chipFace	-6.67499999e-05	-6.67499999e-05	-2.67000000e-08
766             	chipFace	-6.67499999e-05	-6.67499999e-05	-2.67000000e-08
767             	chipFace	-6.67499999e-05	-6.67499999e-05	-2.67000000e-08
768             	chipFace	-6.67499999e-05	-6.67499999e-05	-2.67000000e-08
769             	chipFace	-6.67499999e-05	-6.67499999e-05	-2.67000000e-08
770             	chipFace	-6.67499999e-05	-6.67499999e-05	-2.67000000e-08
771             	chipFace	-6.67499999e-05	-6.67499999e-05	-2.67000000e-08
772             	chipFace	-6.67499999e-05	-6.67499999e-05	-2.67000000e-08
773             	chipFace	-6.67499999e-05	-6.67499999e-05	-2.67000000e-08
774             	chipFace	-6.67499999e-05	-6.67499999e-05	-2.67000000e-08
775             	chipFace	-6.67499999e-05	-6.67499999e-05	-2.67000000e-08
776             	chipFace	-6.67499999e-05	-6.67499999e-05	-2.67000000e-08
777             	chipFace	-6.67499999e-05	-6.67499999e-05	-2.67000000e-08
778             	chipFace	-6.67499999e-05	-6.67499999e-05	-2.67000000e-08
779             	chipFace	-6.67499999e-05	-6.67499999e-05	-2.67000000e-08
780             	chipFace	-6.67499999e-05	-6.67499999e-05	-2.67000000e-08
781             	chipFace	-6.67499999e-05	-6.67499999e-05	-2.67000000e-08
782             	chipFace	-6.67499999e-05	-6.67499999e-05	-2.67000000e-08
783             	chipFace	-6.67499999e-05	-6.67499999e-05	-2.67000000e-08
784             	chipFace	-6.67499999e-05	-6.67499999e-05	-2.67000000e-08
785             	chipFace	-6.67499999e-05	-6.67499999e-05	-2.67000000e-08
786             	chipFace	-6.67499999e-05	-6.67499999e-05	-2.67000000e-08
787             	chipFace	-6.67499999e-05	-6.67499999e-05	-2.67000000e-08
788             	chipFace	-6.67499999e-05	-6.67499999e-05	-2.67000000e-08
789             	chipFace	-6.67499999e-05	-6.67499999e-05	-2.67000000e-08
790             	chipFace	-6.67499999e-05	-6.67499999e-05	-2.67000000e-08
791             	chipFace	-6.67499999e-05	-6.67499999e-05	-2.67000000e-08
792             	chipFace	-6.67499999e-05	-6.67499999e-05	-2.67000000e-08
793             	chipFace	-6.67499999e-05	-6.67499999e-05	-2.67000000e-08
794             	chipFace	-6.67499999e-05	-6.67499999e-05	-2.67000000e-08
795             	chipFace	-6.67499999e-05	-6.67499999e-05	-2.67000000e-08
796             	chipFace	-6.67499999e-05	-6.67499999e-05	-2.67000000e-08
797             	chipFace	-6.67499999e-05	-6.67499999e-05	-2.67000000e-08
798             	chipFace	-6.67499999e-05	-6.67499999e-05	-2.67000000e-08
799             	chipFace	-6.67499999e-05	-6.67499999e-05	-2.67000000e-08
800             	chipFace	-6.67499999e-05	-6.67499999e-05	-2.67000000e-08
801             	chipFace	-6.67499999e-05	-6.67499999e-05	-2.67000000e-08
802             	chipFace	-6.67499999e-05	-6.67499999e-05	-2.67000000e-08
803             	chipFace	-6.67499999e-05	-6.67499999e-05	-2.67000000e-08
804             	chipFace	-6.67499999e-05	-6.67499999e-05	-2.67000000e-08
805             	chipFace	-6.67499999e-05	-6.67499999e-05	-2.67000000e-08
806             	chipFace	-6.67499999e-05	-6.67499999e-05	-2.67000000e-08
807             	chipFace	-6.67499999e-05	-6.67499999e-05	-2.67000000e-08
808             	chipFace	-6.67499999e-05	-6.67499999e-05	-2.67000000e-08
809             	chipFace	-6.67499999e-05	-6.67499999e-05	-2.67000000e-08
810             	chipFace	-6.67499999e-05	-6.67499999e-05	-2.67000000e-08
811             	chipFace	-6.67499999e-05	-6.67499999e-05	-2.67000000e-08
812             	chipFace	-6.67499999e-05	-6.67499999e-05	-2.67000000e-08
813             	chipFace	-6.67499999e-05	-6.67499999e-05	-2.67000000e-08
814             	chipFace	-6.67499999e-05	-6.67499999e-05	-2.67000000e-08
815             	chipFace	-6.67499999e-05	-6.67499999e-05	-2.67000000e-08
816             	chipFace	-6.67499999e-05	-6.67499999e-05	-2.67000000e-08
817             	chipFace	-6.67499999e-05	-6.67499999e-05	-2.67000000e-08
818             	chipFace	-6.67499999e-05	-6.67499999e-05	-2.67000000e-08
819             	chipFace	-6.67499999e-05	-6.67499999e-05	-2.67000000e-08
820             	chipFace	-6.67499999e-05	-6.67499999e-05	-2.67000000e-08
821             	chipFace	-6.67499999e-05	-6.67499999e-05	-2.67000000e-08
822             	chipFace	-6.67499999e-05	-6.67499999e-05	-2.67000000e-08
823             	chipFace	-6.67499999e-05	-6.67499999e-05	-2.67000000e-08
824             	chipFace	-6.67499999e-05	-6.67499999e-05	-2.67000000e-08
825             	chipFace	-6.67499999e-05	-6.67499999e-05	-2.67000000e-08
826             	chipFace	-6.67499999e-05	-6.67499999e-05	-2.67000000e-08
827             	chipFace	-6.67499999e-05	-6.67499999e-05	-2.67000000e-08
828             	chipFace	-6.67499999e-05	-6.67499999e-05	-2.67000000e-08
829             	chipFace	-6.67499999e-05	-6.67499999e-05	-2.67000000e-08
830             	chipFace	-6.67499999e-05	-6.67499999e-05	-2.67000000e-08
831             	chipFace	-6.67499999e-05	-6.67499999e-05	-2.67000000e-08
832             	chipFace	-6.67499999e-05	-6.67499999e-05	-2.67000000e-08
833             	chipFace	-6.67499999e-05	-6.67499999e-05	-2.67000000e-08
834             	chipFace	-6.67499999e-05	-6.67499999e-05	-2.67000000e-08
835             	chipFace	-6.67499999e-05	-6.67499999e-05	-2.67000000e-08
836             	chipFace	-6.67499999e-05	-6.67499999e-05	-2.67000000e-08
837             	chipFace	-6.67499999e-05	-6.67499999e-05	-2.67000000e-08
838             	chipFace	-6.67499999e-05	-6.67499999e-05	-2.67000000e-08
839             	chipFace	-6.67499999e-05	-6.67499999e-05	-2.67000000e-08
840             	chipFace	-6.67499999e-05	-6.67499999e-05	-2.67000000e-08
841             	chipFace	-6.67499999e-05	-6.67499999e-05	-2.67000000e-08
842             	chipFace	-6.67499999e-05	-6.67499999e-05	-2.67000000e-08
843             	chipFace	-6.67499999e-05	-6.67499999e-05	-2.67000000e-08
844             	chipFace	-6.67499999e-05	-6.67499999e-05	-2.67000000e-08
845             	chipFace	-6.67499999e-05	-6.67499999e-05	-2.67000000e-08
846             	chipFace	-6.67499999e-05	-6.67499999e-05	-2.67000000e-08
847             	chipFace	-6.67499999e-05	-6.67499999e-05	-2.67000000e-08
848             	chipFace	-6.67499999e-05	-6.67499999e-05	-2.67000000e-08
849             	chipFace	-6.67499999e-05	-6.67499999e-05	-2.67000000e-08
850             	chipFace	-6.67499999e-05	-6.67499999e-05	-2.67000000e-08
851             	chipFace	-6.67499999e-05	-6.67499999e-05	-2.67000000e-08
852             	chipFace	-6.67499999e-05	-6.67499999e-05	-2.67000000e-08
853             	chipFace	-6.67499999e-05	-6.67499999e-05	-2.67000000e-08
854             	chipFace	-6.67499999e-05	-6.67499999e-05	-2.67000000e-08
855             	chipFace	-6.67499999e-05	-6.67499999e-05	-2.67000000e-08
856             	chipFace	-6.67499999e-05	-6.67499999e-05	-2.67000000e-08
857             	chipFace	-6.67499999e-05	-6.67499999e-05	-2.67000000e-08
858             	chipFace	-6.67499999e-05	-6.67499999e-05	-2.67000000e-08
859             	chipFace	-6.67499999e-05	-6.67499999e-05	-2.67000000e-08
860             	chipFace	-6.67499999e-05	-6.67499999e-05	-2.67000000e-08
861             	chipFace	-6.67499999e-05	-6.67499999e-05	-2.67000000e-08
862             	chipFace	-6.67499999e-05	-6.67499999e-05	-2.67000000e-08
863             	chipFace	-6.67499999e-05	-6.67499999e-05	-2.67000000e-08
864             	chipFace	-6.67499999e-05	-6.67499999e-05	-2.67000000e-08
865             	chipFace	-6.67499999e-05	-6.67499999e-05	-2.67000000e-08
866             	chipFace	-6.67499999e-05	-6.67499999e-05	-2.67000000e-08
867             	chipFace	-6.67499999e-05	-6.67499999e-05	-2.67000000e-08
868             	chipFace	-6.67499999e-05	-6.67499999e-05	-2.67000000e-08
869             	chipFace	-6.67499999e-05	-6.67499999e-05	-2.67000000e-08
870             	chipFace	-6.67499999e-05	-6.67499999e-05	-2.67000000e-08
871             	chipFace	-6.67499999e-05	-6.67499999e-05	-2.67000000e-08
872             	chipFace	-6.67499999e-05	-6.67499999e-05	-2.67000000e-08
873             	chipFace	-6.67499999e-05	-6.67499999e-05	-2.67000000e-08
874             	chipFace	-6.67499999e-05	-6.67499999e-05	-2.67000000e-08
875             	chipFace	-6.67499999e-05	-6.67499999e-05	-2.67000000e-08
876             	chipFace	-6.67499999e-05	-6.67499999e-05	-2.67000000e-08
877             	chipFace	-6.67499999e-05	-6.67499999e-05	-2.67000000e-08
878             	chipFace	-6.67499999e-05	-6.67499999e-05	-2.67000000e-08
879             	chipFace	-6.67499999e-05	-6.67499999e-05	-2.67000000e-08
880             	chipFace	-6.67499999e-05	-6.67499999e-05	-2.67000000e-08
881             	chipFace	-6.67499999e-05	-6.67499999e-05	-2.67000000e-08
882             	chipFace	-6.67499999e-05	-6.67499999e-05	-2.67000000e-08
883             	chipFace	-6.67499999e-05	-6.67499999e-05	-2.67000000e-08
884             	chipFace	-6.67499999e-05	-6.67499999e-05	-2.67000000e-08
885             	chipFace	-6.67499999e-05	-6.67499999e-05	-2.67000000e-08
886             	chipFace	-6.67499999e-05	-6.67499999e-05	-2.67000000e-08
887             	chipFace	-6.67499999e-05	-6.67499999e-05	-2.67000000e-08
888             	chipFace	-6.67499999e-05	-6.67499999e-05	-2.67000000e-08
889             	chipFace	-6.67499999e-05	-6.67499999e-05	-2.67000000e-08
890             	chipFace	-6.67499999e-05	-6.67499999e-05	-2.67000000e-08
891             	chipFace	-6.67499999e-05	-6.67499999e-05	-2.67000000e-08
892             	chipFace	-6.67499999e-05	-6.67499999e-05	-2.67000000e-08
893             	chipFace	-6.67499999e-05	-6.67499999e-05	-2.67000000e-08
894             	chipFace	-6.67499999e-05	-6.67499999e-05	-2.67000000e-08
895             	chipFace	-6.67499999e-05	-6.67499999e-05	-2.67000000e-08
896             	chipFace	-6.67499999e-05	-6.67499999e-05	-2.67000000e-08
897             	chipFace	-6.67499999e-05	-6.67499999e-05	-2.67000000e-08
898             	chipFace	-6.67499999e-05	-6.67499999e-05	-2.67000000e-08
899             	chipFace	-6.67499999e-05	-6.67499999e-05	-2.67000000e-08
900             	chipFace	-6.67499999e-05	-6.67499999e-05	-2.67000000e-08
901             	chipFace	-6.67499999e-05	-6.67499999e-05	-2.67000000e-08
902             	chipFace	-6.67499999e-05	-6.67499999e-05	-2.67000000e-08
903             	chipFace	-6.67499999e-05	-6.67499999e-05	-2.67000000e-08
904             	chipFace	-6.67499999e-05	-6.67499999e-05	-2.67000000e-08
905             	chipFace	-6.67499999e-05	-6.67499999e-05	-2.67000000e-08
906             	chipFace	-6.67499999e-05	-6.67499999e-05	-2.67000000e-08
907             	chipFace	-6.67499999e-05	-6.67499999e-05	-2.67000000e-08
908             	chipFace	-6.67499999e-05	-6.67499999e-05	-2.67000000e-08
909             	chipFace	-6.67499999e-05	-6.67499999e-05	-2.67000000e-08
910             	chipFace	-6.67499999e-05	-6.67499999e-05	-2.67000000e-08
911             	chipFace	-6.67499999e-05	-6.67499999e-05	-2.67000000e-08
912             	chipFace	-6.67499999e-05	-6.67499999e-05	-2.67000000e-08
913             	chipFace	-6.67499999e-05	-6.67499999e-05	-2.67000000e-08
914             	chipFace	-6.67499999e-05	-6.67499999e-05	-2.67000000e-08
915             	chipFace	-6.67499999e-05	-6.67499999e-05	-2.67000000e-08
916             	chipFace	-6.67499999e-05	-6.67499999e-05	-2.67000000e-08
917             	chipFace	-6.67499999e-05	-6.67499999e-05	-2.67000000e-08
918             	chipFace	-6.67499999e-05	-6.67499999e-05	-2.67000000e-08
919             	chipFace	-6.67499999e-05	-6.67499999e-05	-2.67000000e-08
920             	chipFace	-6.67499999e-05	-6.67499999e-05	-2.67000000e-08
921             	chipFace	-6.67499999e-05	-6.67499999e-05	-2.67000000e-08
922             	chipFace	-6.67499999e-05	-6.67499999e-05	-2.67000000e-08
923             	chipFace	-6.67499999e-05	-6.67499999e-05	-2.67000000e-08
924             	chipFace	-6.67499999e-05	-6.67499999e-05	-2.67000000e-08
925             	chipFace	-6.67499999e-05	-6.67499999e-05	-2.67000000e-08
926             	chipFace	-6.67499999e-05	-6.67499999e-05	-2.67000000e-08
927             	chipFace	-6.67499999e-05	-6.67499999e-05	-2.67000000e-08
928             	chipFace	-6.67499999e-05	-6.67499999e-05	-2.67000000e-08
929             	chipFace	-6.67499999e-05	-6.67499999e-05	-2.67000000e-08
930             	chipFace	-6.67499999e-05	-6.67499999e-05	-2.67000000e-08
931             	chipFace	-6.67499999e-05	-6.67499999e-05	-2.67000000e-08
932             	chipFace	-6.67499999e-05	-6.67499999e-05	-2.67000000e-08
933             	chipFace	-6.67499999e-05	-6.67499999e-05	-2.67000000e-08
934             	chipFace	-6.67499999e-05	-6.67499999e-05	-2.67000000e-08
935             	chipFace	-6.67499999e-05	-6.67499999e-05	-2.67000000e-08
936             	chipFace	-6.67499999e-05	-6.67499999e-05	-2.67000000e-08
937             	chipFace	-6.67499999e-05	-6.67499999e-05	-2.67000000e-08
938             	chipFace	-6.67499999e-05	-6.67499999e-05	-2.67000000e-08
939             	chipFace	-6.67499999e-05	-6.67499999e-05	-2.67000000e-08
940             	chipFace	-6.67499999e-05	-6.67499999e-05	-2.67000000e-08
941             	chipFace	-6.67499999e-05	-6.67499999e-05	-2.67000000e-08
942             	chipFace	-6.67499999e-05	-6.67499999e-05	-2.67000000e-08
943             	chipFace	-6.67499999e-05	-6.67499999e-05	-2.67000000e-08
944             	chipFace	-6.67499999e-05	-6.67499999e-05	-2.67000000e-08
945             	chipFace	-6.67499999e-05	-6.67499999e-05	-2.67000000e-08
946             	chipFace	-6.67499999e-05	-6.67499999e-05	-2.67000000e-08
947             	chipFace	-6.67499999e-05	-6.67499999e-05	-2.67000000e-08
948             	chipFace	-6.67499999e-05	-6.67499999e-05	-2.67000000e-08
949             	chipFace	-6.67499999e-05	-6.67499999e-05	-2.67000000e-08
950             	chipFace	-6.67499999e-05	-6.67499999e-05	-2.67000000e-08
951             	chipFace	-6.67499999e-05	-6.67499999e-05	-2.67000000e-08
952             	chipFace	-6.67499999e-05	-6.67499999e-05	-2.67000000e-08
953             	chipFace	-6.67499999e-05	-6.67499999e-05	-2.67000000e-08
954             	chipFace	-6.67499999e-05	-6.67499999e-05	-2.67000000e-08
955             	chipFace	-6.67499999e-05	-6.67499999e-05	-2.67000000e-08
956             	chipFace	-6.67499999e-05	-6.67499999e-05	-2.67000000e-08
957             	chipFace	-6.67499999e-05	-6.67499999e-05	-2.67000000e-08
958             	chipFace	-6.67499999e-05	-6.67499999e-05	-2.67000000e-08
959             	chipFace	-6.67499999e-05	-6.67499999e-05	-2.67000000e-08
960             	chipFace	-6.67499999e-05	-6.67499999e-05	-2.67000000e-08
961             	chipFace	-6.67499999e-05	-6.67499999e-05	-2.67000000e-08
962             	chipFace	-6.67499999e-05	-6.67499999e-05	-2.67000000e-08
963             	chipFace	-6.67499999e-05	-6.67499999e-05	-2.67000000e-08
964             	chipFace	-6.67499999e-05	-6.67499999e-05	-2.67000000e-08
965             	chipFace	-6.67499999e-05	-6.67499999e-05	-2.67000000e-08
966             	chipFace	-6.67499999e-05	-6.67499999e-05	-2.67000000e-08
967             	chipFace	-6.67499999e-05	-6.67499999e-05	-2.67000000e-08
968             	chipFace	-6.67499999e-05	-6.67499999e-05	-2.67000000e-08
969             	chipFace	-6.67499999e-05	-6.67499999e-05	-2.67000000e-08
970             	chipFace	-6.67499999e-05	-6.67499999e-05	-2.67000000e-08
971             	chipFace	-6.67499999e-05	-6.67499999e-05	-2.67000000e-08
972             	chipFace	-6.67499999e-05	-6.67499999e-05	-2.67000000e-08
973             	chipFace	-6.67499999e-05	-6.67499999e-05	-2.67000000e-08
974             	chipFace	-6.67499999e-05	-6.67499999e-05	-2.67000000e-08
975             	chipFace	-6.67499999e-05	-6.67499999e-05	-2.67000000e-08
976             	chipFace	-6.67499999e-05	-6.67499999e-05	-2.67000000e-08
977             	chipFace	-6.67499999e-05	-6.67499999e-05	-2.67000000e-08
978             	chipFace	-6.67499999e-05	-6.67499999e-05	-2.67000000e-08
979             	chipFace	-6.67499999e-05	-6.67499999e-05	-2.67000000e-08
980             	chipFace	-6.67499999e-05	-6.67499999e-05	-2.67000000e-08
981             	chipFace	-6.67499999e-05	-6.67499999e-05	-2.67000000e-08
982             	chipFace	-6.67499999e-05	-6.67499999e-05	-2.67000000e-08
983             	chipFace	-6.67499999e-05	-6.67499999e-05	-2.67000000e-08
984             	chipFace	-6.67499999e-05	-6.67499999e-05	-2.67000000e-08
985             	chipFace	-6.67499999e-05	-6.67499999e-05	-2.67000000e-08
986             	chipFace	-6.67499999e-05	-6.67499999e-05	-2.67000000e-08
987             	chipFace	-6.67499999e-05	-6.67499999e-05	-2.67000000e-08
988             	chipFace	-6.67499999e-05	-6.67499999e-05	-2.67000000e-08
989             	chipFace	-6.67499999e-05	-6.67499999e-05	-2.67000000e-08
990             	chipFace	-6.67499999e-05	-6.67499999e-05	-2.67000000e-08
991             	chipFace	-6.67499999e-05	-6.67499999e-05	-2.67000000e-08
992             	chipFace	-6.67499999e-05	-6.67499999e-05	-2.67000000e-08
993             	chipFace	-6.67499999e-05	-6.67499999e-05	-2.67000000e-08
994             	chipFace	-6.67499999e-05	-6.67499999e-05	-2.67000000e-08
995             	chipFace	-6.67499999e-05	-6.67499999e-05	-2.67000000e-08
996             	chipFace	-6.67499999e-05	-6.67499999e-05	-2.67000000e-08
997             	chipFace	-6.67499999e-05	-6.67499999e-05	-2.67000000e-08
998             	chipFace	-6.67499999e-05	-6.67499999e-05	-2.67000000e-08
999             	chipFace	-6.67499999e-05	-6.67499999e-05	-2.67000000e-08
1000            	chipFace	-6.67499999e-05	-6.67499999e-05	-2.67000000e-08
1001            	chipFace	-6.67499999e-05	-6.67499999e-05	-2.67000000e-08
1002            	chipFace	-6.67499999e-05	-6.67499999e-05	-2.67000000e-08
1003            	chipFace	-6.67499999e-05	-6.67499999e-05	-2.67000000e-08
1004            	chipFace	-6.67499999e-05	-6.67499999e-05	-2.67000000e-08
1005            	chipFace	-6.67499999e-05	-6.67499999e-05	-2.67000000e-08
1006            	chipFace	-6.67499999e-05	-6.67499999e-05	-2.67000000e-08
1007            	chipFace	-6.67499999e-05	-6.67499999e-05	-2.67000000e-08
1008            	chipFace	-6.67499999e-05	-6.67499999e-05	-2.67000000e-08
1009            	chipFace	-6.67499999e-05	-6.67499999e-05	-2.67000000e-08
1010            	chipFace	-6.67499999e-05	-6.67499999e-05	-2.67000000e-08
1011            	chipFace	-6.67499999e-05	-6.67499999e-05	-2.67000000e-08
1012            	chipFace	-6.67499999e-05	-6.67499999e-05	-2.67000000e-08
1013            	chipFace	-6.67499999e-05	-6.67499999e-05	-2.67000000e-08
1014            	chipFace	-6.67499999e-05	-6.67499999e-05	-2.67000000e-08
1015            	chipFace	-6.67499999e-05	-6.67499999e-05	-2.67000000e-08
1016            	chipFace	-6.67499999e-05	-6.67499999e-05	-2.67000000e-08
1017            	chipFace	-6.67499999e-05	-6.67499999e-05	-2.67000000e-08
1018            	chipFace	-6.67499999e-05	-6.67499999e-05	-2.67000000e-08
1019            	chipFace	-6.67499999e-05	-6.67499999e-05	-2.67000000e-08
1020            	chipFace	-6.67499999e-05	-6.67499999e-05	-2.67000000e-08
1021            	chipFace	-6.67499999e-05	-6.67499999e-05	-2.67000000e-08
1022            	chipFace	-6.67499999e-05	-6.67499999e-05	-2.67000000e-08
1023            	chipFace	-6.67499999e-05	-6.67499999e-05	-2.67000000e-08
1024            	chipFace	-6.67499999e-05	-6.67499999e-05	-2.67000000e-08
1025            	chipFace	-6.67499999e-05	-6.67499999e-05	-2.67000000e-08
1026            	chipFace	-6.67499999e-05	-6.67499999e-05	-2.67000000e-08
1027            	chipFace	-6.67499999e-05	-6.67499999e-05	-2.67000000e-08
1028            	chipFace	-6.67499999e-05	-6.67499999e-05	-2.67000000e-08
1029            	chipFace	-6.67499999e-05	-6.67499999e-05	-2.67000000e-08
1030            	chipFace	-6.67499999e-05	-6.67499999e-05	-2.67000000e-08
1031            	chipFace	-6.67499999e-05	-6.67499999e-05	-2.67000000e-08
1032            	chipFace	-6.67499999e-05	-6.67499999e-05	-2.67000000e-08
1033            	chipFace	-6.67499999e-05	-6.67499999e-05	-2.67000000e-08
1034            	chipFace	-6.67499999e-05	-6.67499999e-05	-2.67000000e-08
1035            	chipFace	-6.67499999e-05	-6.67499999e-05	-2.67000000e-08
1036            	chipFace	-6.67499999e-05	-6.67499999e-05	-2.67000000e-08
1037            	chipFace	-6.67499999e-05	-6.67499999e-05	-2.67000000e-08
1038            	chipFace	-6.67499999e-05	-6.67499999e-05	-2.67000000e-08
1039            	chipFace	-6.67499999e-05	-6.67499999e-05	-2.67000000e-08
1040            	chipFace	-6.67499999e-05	-6.67499999e-05	-2.67000000e-08
1041            	chipFace	-6.67499999e-05	-6.67499999e-05	-2.67000000e-08
1042            	chipFace	-6.67499999e-05	-6.67499999e-05	-2.67000000e-08
1043            	chipFace	-6.67499999e-05	-6.67499999e-05	-2.67000000e-08
1044            	chipFace	-6.67499999e-05	-6.67499999e-05	-2.67000000e-08
1045            	chipFace	-6.67499999e-05	-6.67499999e-05	-2.67000000e-08
1046            	chipFace	-6.67499999e-05	-6.67499999e-05	-2.67000000e-08
1047            	chipFace	-6.67499999e-05	-6.67499999e-05	-2.67000000e-08
1048            	chipFace	-6.67499999e-05	-6.67499999e-05	-2.67000000e-08
1049            	chipFace	-6.67499999e-05	-6.67499999e-05	-2.67000000e-08
1050            	chipFace	-6.67499999e-05	-6.67499999e-05	-2.67000000e-08
1051            	chipFace	-6.67499999e-05	-6.67499999e-05	-2.67000000e-08
1052            	chipFace	-6.67499999e-05	-6.67499999e-05	-2.67000000e-08
1053            	chipFace	-6.67499999e-05	-6.67499999e-05	-2.67000000e-08
1054            	chipFace	-6.67499999e-05	-6.67499999e-05	-2.67000000e-08
1055            	chipFace	-6.67499999e-05	-6.67499999e-05	-2.67000000e-08
1056            	chipFace	-6.67499999e-05	-6.67499999e-05	-2.67000000e-08
1057            	chipFace	-6.67499999e-05	-6.67499999e-05	-2.67000000e-08
1058            	chipFace	-6.67499999e-05	-6.67499999e-05	-2.67000000e-08
1059            	chipFace	-6.67499999e-05	-6.67499999e-05	-2.67000000e-08
1060            	chipFace	-6.67499999e-05	-6.67499999e-05	-2.67000000e-08
1061            	chipFace	-6.67499999e-05	-6.67499999e-05	-2.67000000e-08
1062            	chipFace	-6.67499999e-05	-6.67499999e-05	-2.67000000e-08
1063            	chipFace	-6.67499999e-05	-6.67499999e-05	-2.67000000e-08
1064            	chipFace	-6.67499999e-05	-6.67499999e-05	-2.67000000e-08
1065            	chipFace	-6.67499999e-05	-6.67499999e-05	-2.67000000e-08
1066            	chipFace	-6.67499999e-05	-6.67499999e-05	-2.67000000e-08
1067            	chipFace	-6.67499999e-05	-6.67499999e-05	-2.67000000e-08
1068            	chipFace	-6.67499999e-05	-6.67499999e-05	-2.67000000e-08
1069            	chipFace	-6.67499999e-05	-6.67499999e-05	-2.67000000e-08
1070            	chipFace	-6.67499999e-05	-6.67499999e-05	-2.67000000e-08
1071            	chipFace	-6.67499999e-05	-6.67499999e-05	-2.67000000e-08
1072            	chipFace	-6.67499999e-05	-6.67499999e-05	-2.67000000e-08
1073            	chipFace	-6.67499999e-05	-6.67499999e-05	-2.67000000e-08
1074            	chipFace	-6.67499999e-05	-6.67499999e-05	-2.67000000e-08
1075            	chipFace	-6.67499999e-05	-6.67499999e-05	-2.67000000e-08
1076            	chipFace	-6.67499999e-05	-6.67499999e-05	-2.67000000e-08
1077            	chipFace	-6.67499999e-05	-6.67499999e-05	-2.67000000e-08
1078            	chipFace	-6.67499999e-05	-6.67499999e-05	-2.67000000e-08
1079            	chipFace	-6.67499999e-05	-6.67499999e-05	-2.67000000e-08
1080            	chipFace	-6.67499999e-05	-6.67499999e-05	-2.67000000e-08
1081            	chipFace	-6.67499999e-05	-6.67499999e-05	-2.67000000e-08
1082            	chipFace	-6.67499999e-05	-6.67499999e-05	-2.67000000e-08
1083            	chipFace	-6.67499999e-05	-6.67499999e-05	-2.67000000e-08
1084            	chipFace	-6.67499999e-05	-6.67499999e-05	-2.67000000e-08
1085            	chipFace	-6.67499999e-05	-6.67499999e-05	-2.67000000e-08
1086            	chipFace	-6.67499999e-05	-6.67499999e-05	-2.67000000e-08
1087            	chipFace	-6.67499999e-05	-6.67499999e-05	-2.67000000e-08
1088            	chipFace	-6.67499999e-05	-6.67499999e-05	-2.67000000e-08
1089            	chipFace	-6.67499999e-05	-6.67499999e-05	-2.67000000e-08
1090            	chipFace	-6.67499999e-05	-6.67499999e-05	-2.67000000e-08
1091            	chipFace	-6.67499999e-05	-6.67499999e-05	-2.67000000e-08
1092            	chipFace	-6.67499999e-05	-6.67499999e-05	-2.67000000e-08
1093            	chipFace	-6.67499999e-05	-6.67499999e-05	-2.67000000e-08
1094            	chipFace	-6.67499999e-05	-6.67499999e-05	-2.67000000e-08
1095            	chipFace	-6.67499999e-05	-6.67499999e-05	-2.67000000e-08
1096            	chipFace	-6.67499999e-05	-6.67499999e-05	-2.67000000e-08
1097            	chipFace	-6.67499999e-05	-6.67499999e-05	-2.67000000e-08
1098            	chipFace	-6.67499999e-05	-6.67499999e-05	-2.67000000e-08
1099            	chipFace	-6.67499999e-05	-6.67499999e-05	-2.67000000e-08
1100            	chipFace	-6.67499999e-05	-6.67499999e-05	-2.67000000e-08
1101            	chipFace	-6.67499999e-05	-6.67499999e-05	-2.67000000e-08
1102            	chipFace	-6.67499999e-05	-6.67499999e-05	-2.67000000e-08
1103            	chipFace	-6.67499999e-05	-6.67499999e-05	-2.67000000e-08
1104            	chipFace	-6.67499999e-05	-6.67499999e-05	-2.67000000e-08
1105            	chipFace	-6.67499999e-05	-6.67499999e-05	-2.67000000e-08
1106            	chipFace	-6.67499999e-05	-6.67499999e-05	-2.67000000e-08
1107            	chipFace	-6.67499999e-05	-6.67499999e-05	-2.67000000e-08
1108            	chipFace	-6.67499999e-05	-6.67499999e-05	-2.67000000e-08
1109            	chipFace	-6.67499999e-05	-6.67499999e-05	-2.67000000e-08
1110            	chipFace	-6.67499999e-05	-6.67499999e-05	-2.67000000e-08
1111            	chipFace	-6.67499999e-05	-6.67499999e-05	-2.67000000e-08
1112            	chipFace	-6.67499999e-05	-6.67499999e-05	-2.67000000e-08
1113            	chipFace	-6.67499999e-05	-6.67499999e-05	-2.67000000e-08
1114            	chipFace	-6.67499999e-05	-6.67499999e-05	-2.67000000e-08
1115            	chipFace	-6.67499999e-05	-6.67499999e-05	-2.67000000e-08
1116            	chipFace	-6.67499999e-05	-6.67499999e-05	-2.67000000e-08
1117            	chipFace	-6.67499999e-05	-6.67499999e-05	-2.67000000e-08
1118            	chipFace	-6.67499999e-05	-6.67499999e-05	-2.67000000e-08
1119            	chipFace	-6.67499999e-05	-6.67499999e-05	-2.67000000e-08
1120            	chipFace	-6.67499999e-05	-6.67499999e-05	-2.67000000e-08
1121            	chipFace	-6.67499999e-05	-6.67499999e-05	-2.67000000e-08
1122            	chipFace	-6.67499999e-05	-6.67499999e-05	-2.67000000e-08
1123            	chipFace	-6.67499999e-05	-6.67499999e-05	-2.67000000e-08
1124            	chipFace	-6.67499999e-05	-6.67499999e-05	-2.67000000e-08
1125            	chipFace	-6.67499999e-05	-6.67499999e-05	-2.67000000e-08
1126            	chipFace	-6.67499999e-05	-6.67499999e-05	-2.67000000e-08
1127            	chipFace	-6.67499999e-05	-6.67499999e-05	-2.67000000e-08
1128            	chipFace	-6.67499999e-05	-6.67499999e-05	-2.67000000e-08
1129            	chipFace	-6.67499999e-05	-6.67499999e-05	-2.67000000e-08
1130            	chipFace	-6.67499999e-05	-6.67499999e-05	-2.67000000e-08
1131            	chipFace	-6.67499999e-05	-6.67499999e-05	-2.67000000e-08
1132            	chipFace	-6.67499999e-05	-6.67499999e-05	-2.67000000e-08
1133            	chipFace	-6.67499999e-05	-6.67499999e-05	-2.67000000e-08
1134            	chipFace	-6.67499999e-05	-6.67499999e-05	-2.67000000e-08
1135            	chipFace	-6.67499999e-05	-6.67499999e-05	-2.67000000e-08
1136            	chipFace	-6.67499999e-05	-6.67499999e-05	-2.67000000e-08
1137            	chipFace	-6.67499999e-05	-6.67499999e-05	-2.67000000e-08
1138            	chipFace	-6.67499999e-05	-6.67499999e-05	-2.67000000e-08
1139            	chipFace	-6.67499999e-05	-6.67499999e-05	-2.67000000e-08
1140            	chipFace	-6.67499999e-05	-6.67499999e-05	-2.67000000e-08
1141            	chipFace	-6.67499999e-05	-6.67499999e-05	-2.67000000e-08
1142            	chipFace	-6.67499999e-05	-6.67499999e-05	-2.67000000e-08
1143            	chipFace	-6.67499999e-05	-6.67499999e-05	-2.67000000e-08
1144            	chipFace	-6.67499999e-05	-6.67499999e-05	-2.67000000e-08
1145            	chipFace	-6.67499999e-05	-6.67499999e-05	-2.67000000e-08
1146            	chipFace	-6.67499999e-05	-6.67499999e-05	-2.67000000e-08
1147            	chipFace	-6.67499999e-05	-6.67499999e-05	-2.67000000e-08
1148            	chipFace	-6.67499999e-05	-6.67499999e-05	-2.67000000e-08
1149            	chipFace	-6.67499999e-05	-6.67499999e-05	-2.67000000e-08
1150            	chipFace	-6.67499999e-05	-6.67499999e-05	-2.67000000e-08
1151            	chipFace	-6.67499999e-05	-6.67499999e-05	-2.67000000e-08
1152            	chipFace	-6.67499999e-05	-6.67499999e-05	-2.67000000e-08
1153            	chipFace	-6.67499999e-05	-6.67499999e-05	-2.67000000e-08
1154            	chipFace	-6.67499999e-05	-6.67499999e-05	-2.67000000e-08
1155            	chipFace	-6.67499999e-05	-6.67499999e-05	-2.67000000e-08
1156            	chipFace	-6.67499999e-05	-6.67499999e-05	-2.67000000e-08
1157            	chipFace	-6.67499999e-05	-6.67499999e-05	-2.67000000e-08
1158            	chipFace	-6.67499999e-05	-6.67499999e-05	-2.67000000e-08
1159            	chipFace	-6.67499999e-05	-6.67499999e-05	-2.67000000e-08
1160            	chipFace	-6.67499999e-05	-6.67499999e-05	-2.67000000e-08
1161            	chipFace	-6.67499999e-05	-6.67499999e-05	-2.67000000e-08
1162            	chipFace	-6.67499999e-05	-6.67499999e-05	-2.67000000e-08
1163            	chipFace	-6.67499999e-05	-6.67499999e-05	-2.67000000e-08
1164            	chipFace	-6.67499999e-05	-6.67499999e-05	-2.67000000e-08
1165            	chipFace	-6.67499999e-05	-6.67499999e-05	-2.67000000e-08
1166            	chipFace	-6.67499999e-05	-6.67499999e-05	-2.67000000e-08
1167            	chipFace	-6.67499999e-05	-6.67499999e-05	-2.67000000e-08
1168            	chipFace	-6.67499999e-05	-6.67499999e-05	-2.67000000e-08
1169            	chipFace	-6.67499999e-05	-6.67499999e-05	-2.67000000e-08
1170            	chipFace	-6.67499999e-05	-6.67499999e-05	-2.67000000e-08
1171            	chipFace	-6.67499999e-05	-6.67499999e-05	-2.67000000e-08
1172            	chipFace	-6.67499999e-05	-6.67499999e-05	-2.67000000e-08
1173            	chipFace	-6.67499999e-05	-6.67499999e-05	-2.67000000e-08
1174            	chipFace	-6.67499999e-05	-6.67499999e-05	-2.67000000e-08
1175            	chipFace	-6.67499999e-05	-6.67499999e-05	-2.67000000e-08
1176            	chipFace	-6.67499999e-05	-6.67499999e-05	-2.67000000e-08
1177            	chipFace	-6.67499999e-05	-6.67499999e-05	-2.67000000e-08
