# Field minima and maxima
# Time          	field           	min             	location(min)   	max             	location(max)   
200             	T               	2.49963946e-02	(8.33333350e-04 4.50000000e-03 9.75000000e-04)	2.49978217e-02	(2.50000000e-03 6.25000000e-05 1.02500000e-03)
400             	T               	2.49961576e-02	(8.33333350e-04 4.50000000e-03 9.75000000e-04)	2.49975002e-02	(4.16666665e-03 6.25000000e-05 1.02500000e-03)
600             	T               	2.49958808e-02	(8.33333350e-04 4.50000000e-03 9.75000000e-04)	2.49973552e-02	(7.50000000e-03 6.25000000e-05 1.07500000e-03)
800             	T               	2.49956406e-02	(8.33333350e-04 4.50000000e-03 9.75000000e-04)	2.49972724e-02	(9.16666665e-03 6.25000000e-05 1.07500000e-03)
1000            	T               	2.49954296e-02	(8.33333350e-04 4.50000000e-03 9.75000000e-04)	2.49972183e-02	(1.25000000e-02 6.25000000e-05 1.12500000e-03)
1200            	T               	2.49952384e-02	(8.33333350e-04 4.50000000e-03 9.75000000e-04)	2.49971799e-02	(5.25000000e-02 6.25000000e-05 1.17500000e-03)
1400            	T               	2.49950612e-02	(8.33333350e-04 4.50000000e-03 9.75000000e-04)	2.49971513e-02	(5.25000000e-02 6.25000000e-05 1.27500000e-03)
1600            	T               	2.49948948e-02	(8.33333350e-04 4.50000000e-03 9.75000000e-04)	2.49971293e-02	(5.25000000e-02 6.25000000e-05 1.32500000e-03)
1800            	T               	2.49947372e-02	(8.33333350e-04 4.50000000e-03 9.75000000e-04)	2.49971118e-02	(5.25000000e-02 6.25000000e-05 1.42500000e-03)
2000            	T               	2.49945869e-02	(8.33333350e-04 4.50000000e-03 9.75000000e-04)	2.49970977e-02	(5.25000000e-02 6.25000000e-05 1.56250000e-03)
2200            	T               	2.49944431e-02	(8.33333350e-04 4.50000000e-03 9.75000000e-04)	2.49970863e-02	(5.25000000e-02 6.25000000e-05 1.93750000e-03)
2400            	T               	2.49943049e-02	(8.33333350e-04 4.50000000e-03 9.75000000e-04)	2.49970766e-02	(5.25000000e-02 4.37500000e-04 1.93750000e-03)
2600            	T               	2.49941717e-02	(8.33333350e-04 4.50000000e-03 9.75000000e-04)	2.49970683e-02	(5.25000000e-02 5.75000000e-04 1.93750000e-03)
2800            	T               	2.49940432e-02	(8.33333350e-04 4.50000000e-03 9.75000000e-04)	2.49970609e-02	(5.25000000e-02 6.75000000e-04 1.93750000e-03)
3000            	T               	2.49939188e-02	(8.33333350e-04 4.50000000e-03 9.75000000e-04)	2.49970542e-02	(5.25000000e-02 7.75000000e-04 1.93750000e-03)
3200            	T               	2.49937982e-02	(8.33333350e-04 4.50000000e-03 9.75000000e-04)	2.49970480e-02	(5.25000000e-02 8.25000000e-04 1.93750000e-03)
3400            	T               	2.49936811e-02	(8.33333350e-04 4.50000000e-03 9.75000000e-04)	2.49970421e-02	(5.25000000e-02 8.75000000e-04 1.93750000e-03)
3600            	T               	2.49935672e-02	(8.33333350e-04 4.50000000e-03 9.75000000e-04)	2.49970364e-02	(5.25000000e-02 9.25000000e-04 1.93750000e-03)
3800            	T               	2.49934563e-02	(8.33333350e-04 4.50000000e-03 9.75000000e-04)	2.49970309e-02	(5.25000000e-02 9.75000000e-04 1.93750000e-03)
4000            	T               	2.49933482e-02	(8.33333350e-04 4.50000000e-03 9.75000000e-04)	2.49970255e-02	(5.25000000e-02 1.02500000e-03 1.93750000e-03)
4200            	T               	2.49932426e-02	(8.33333350e-04 4.50000000e-03 9.75000000e-04)	2.49970202e-02	(5.25000000e-02 1.02500000e-03 1.93750000e-03)
4400            	T               	2.49931395e-02	(8.33333350e-04 4.50000000e-03 9.75000000e-04)	2.49970149e-02	(5.25000000e-02 1.07500000e-03 1.93750000e-03)
4600            	T               	2.49930386e-02	(8.33333350e-04 4.50000000e-03 9.75000000e-04)	2.49970098e-02	(5.25000000e-02 2.47500000e-03 1.93750000e-03)
4800            	T               	2.49929398e-02	(8.33333350e-04 4.50000000e-03 9.75000000e-04)	2.49970048e-02	(5.25000000e-02 2.47500000e-03 1.93750000e-03)
5000            	T               	2.49928430e-02	(8.33333350e-04 4.50000000e-03 9.75000000e-04)	2.49969997e-02	(5.25000000e-02 2.47500000e-03 1.93750000e-03)
5200            	T               	2.49927481e-02	(8.33333350e-04 4.50000000e-03 9.75000000e-04)	2.49969947e-02	(5.25000000e-02 2.47500000e-03 1.93750000e-03)
5400            	T               	2.49926549e-02	(8.33333350e-04 4.50000000e-03 9.75000000e-04)	2.49969896e-02	(5.25000000e-02 2.47500000e-03 1.93750000e-03)
5600            	T               	2.49925634e-02	(8.33333350e-04 4.50000000e-03 9.75000000e-04)	2.49969846e-02	(5.25000000e-02 2.52500000e-03 1.93750000e-03)
5800            	T               	2.49924734e-02	(8.33333350e-04 4.50000000e-03 9.75000000e-04)	2.49969795e-02	(5.25000000e-02 2.52500000e-03 1.93750000e-03)
6000            	T               	2.49923850e-02	(8.33333350e-04 4.50000000e-03 9.75000000e-04)	2.49969744e-02	(7.58333335e-02 3.97500000e-03 1.93750000e-03)
