# Field minima and maxima
# Time          	field           	min             	location(min)   	max             	location(max)   
200             	T               	1.24994411e-02	(8.33333350e-04 2.25000000e-03 5.12500000e-04)	1.24996373e-02	(2.50000000e-03 3.12500000e-05 4.87500000e-04)
400             	T               	1.24994475e-02	(8.33333350e-04 2.25000000e-03 5.12500000e-04)	1.24995859e-02	(2.50000000e-03 3.12500000e-05 4.87500000e-04)
600             	T               	1.24994376e-02	(8.33333350e-04 2.25000000e-03 4.87500000e-04)	1.24995636e-02	(2.50000000e-03 2.50000000e-04 5.12500000e-04)
800             	T               	1.24994266e-02	(8.33333350e-04 2.25000000e-03 4.87500000e-04)	1.24995503e-02	(2.50000000e-03 2.50000000e-04 5.12500000e-04)
1000            	T               	1.24994157e-02	(8.33333350e-04 2.25000000e-03 4.87500000e-04)	1.24995407e-02	(2.50000000e-03 2.50000000e-04 5.12500000e-04)
1200            	T               	1.24994046e-02	(8.33333350e-04 2.25000000e-03 4.87500000e-04)	1.24995345e-02	(4.16666665e-03 3.12500000e-05 5.12500000e-04)
1400            	T               	1.24993935e-02	(8.33333350e-04 2.25000000e-03 4.87500000e-04)	1.24995303e-02	(4.16666665e-03 2.50000000e-04 5.12500000e-04)
1600            	T               	1.24993823e-02	(8.33333350e-04 2.25000000e-03 4.87500000e-04)	1.24995270e-02	(5.83333335e-03 3.12500000e-05 5.12500000e-04)
1800            	T               	1.24993712e-02	(8.33333350e-04 2.25000000e-03 4.87500000e-04)	1.24995248e-02	(5.83333335e-03 3.12500000e-05 5.37500000e-04)
2000            	T               	1.24993602e-02	(8.33333350e-04 2.25000000e-03 4.87500000e-04)	1.24995231e-02	(5.41666665e-02 3.12500000e-05 5.37500000e-04)
