# Field minima and maxima
# Time          	field           	min             	location(min)   	max             	location(max)   
200             	T               	1.04998797e-02	(8.33333350e-04 4.50000000e-03 9.75000000e-04)	1.04999273e-02	(2.50000000e-03 6.25000000e-05 1.07500000e-03)
400             	T               	1.04998716e-02	(8.33333350e-04 4.50000000e-03 9.75000000e-04)	1.04999164e-02	(4.16666665e-03 6.25000000e-05 1.07500000e-03)
600             	T               	1.04998622e-02	(8.33333350e-04 4.50000000e-03 9.75000000e-04)	1.04999114e-02	(9.16666665e-03 6.25000000e-05 1.12500000e-03)
800             	T               	1.04998540e-02	(8.33333350e-04 4.50000000e-03 9.75000000e-04)	1.04999085e-02	(9.16666665e-03 6.25000000e-05 1.17500000e-03)
1000            	T               	1.04998468e-02	(8.33333350e-04 4.50000000e-03 9.75000000e-04)	1.04999066e-02	(9.16666665e-03 6.25000000e-05 1.27500000e-03)
1200            	T               	1.04998403e-02	(8.33333350e-04 4.50000000e-03 9.75000000e-04)	1.04999052e-02	(1.08333335e-02 6.25000000e-05 1.32500000e-03)
1400            	T               	1.04998342e-02	(8.33333350e-04 4.50000000e-03 9.75000000e-04)	1.04999041e-02	(1.25000000e-02 6.25000000e-05 1.42500000e-03)
1600            	T               	1.04998285e-02	(8.33333350e-04 4.50000000e-03 9.75000000e-04)	1.04999032e-02	(5.25000000e-02 6.25000000e-05 1.81250000e-03)
1800            	T               	1.04998230e-02	(8.33333350e-04 4.50000000e-03 9.75000000e-04)	1.04999025e-02	(5.25000000e-02 6.25000000e-05 1.93750000e-03)
2000            	T               	1.04998179e-02	(8.33333350e-04 4.50000000e-03 9.75000000e-04)	1.04999019e-02	(5.25000000e-02 5.25000000e-04 1.93750000e-03)
